0	1
1	1
2	1
4	1
5	1
3	1
6	1
7	1
8	2
9	1
10	1
11	1
13	1
14	2
15	2
16	3
17	1
18	1
19	1
12	1
21	1
22	1
25	1
26	2
24	2
27	3
23	1
28	1
29	2
30	1
31	1
20	1
33	1
34	1
35	2
36	2
37	2
40	1
41	1
43	1
38	1
39	1
44	1
45	1
46	1
42	1
48	1
47	1
49	1
50	1
51	1
32	1
52	1
54	1
55	1
56	1
58	2
57	1
59	1
60	1
53	1
61	1
66	1
67	1
68	1
70	1
73	1
64	1
69	1
74	1
75	1
76	1
78	1
79	1
81	1
84	2
86	2
71	1
85	2
87	2
88	2
63	1
72	1
77	1
80	1
89	1
91	1
92	1
83	1
93	1
82	1
90	2
94	2
96	1
97	1
99	1
95	1
100	1
101	1
105	1
98	1
106	1
107	2
108	2
109	2
110	2
65	1
102	1
111	1
112	1
103	2
115	2
116	2
118	1
113	2
114	2
120	2
122	2
123	1
124	2
104	1
117	1
125	2
127	2
130	2
128	2
132	2
126	1
133	1
135	2
136	2
129	2
138	2
141	3
119	1
121	1
139	1
142	1
134	1
140	1
144	1
143	1
145	1
146	1
147	1
137	1
148	1
131	1
149	1
150	1
151	1
153	1
154	1
152	1
155	1
156	1
157	1
158	1
159	1
160	1
161	1
162	1
163	1
164	2
165	1
166	1
167	1
168	1
169	2
170	2
171	2
62	1
173	1
174	1
175	2
176	2
178	2
177	2
179	2
180	3
182	2
181	1
183	1
186	1
188	1
184	1
185	1
189	1
191	1
193	1
187	1
190	1
195	1
194	2
196	2
197	2
192	1
199	1
202	1
198	1
200	1
201	1
203	1
204	1
205	1
206	1
208	2
209	2
210	2
211	2
207	1
212	1
213	2
214	2
215	3
217	1
218	2
172	1
222	1
223	1
224	1
226	1
229	1
221	1
227	1
230	1
231	1
225	1
228	1
232	2
234	1
233	1
235	1
236	1
237	1
238	1
239	1
241	2
240	1
242	1
243	1
220	1
245	1
246	1
247	2
248	1
249	2
250	2
252	2
251	2
253	3
254	3
255	2
256	4
257	2
258	2
259	2
260	2
261	2
262	2
263	2
244	1
264	1
269	1
270	1
271	2
272	1
273	1
274	1
277	1
279	1
281	1
275	1
278	1
282	1
283	1
276	1
280	1
285	1
286	1
287	1
284	1
288	1
289	1
290	1
291	1
292	1
293	1
294	1
295	1
296	1
297	1
299	2
301	2
302	2
298	1
303	1
304	1
306	1
300	1
308	1
310	1
311	1
312	1
309	1
313	1
314	1
316	1
305	1
307	1
315	1
318	1
319	2
317	1
320	1
323	2
324	2
321	1
322	1
325	1
326	1
327	1
328	2
329	1
331	1
333	1
330	1
332	1
334	1
335	1
336	1
337	1
338	1
339	1
340	1
341	1
342	1
343	1
268	1
344	1
350	1
352	1
353	1
351	1
354	1
355	1
356	1
357	1
358	1
359	1
360	1
361	1
362	1
363	1
365	1
364	1
366	1
367	1
368	2
349	1
370	1
371	1
374	1
375	1
377	1
378	1
382	1
383	1
376	1
380	1
384	1
379	1
385	1
386	1
387	1
381	1
389	1
390	1
388	1
393	1
395	1
396	1
398	1
391	1
394	1
400	1
373	1
403	1
404	1
406	1
392	1
405	1
408	1
402	1
409	1
397	1
407	1
411	1
412	1
413	1
414	1
399	1
415	1
416	1
417	2
422	1
372	1
401	1
421	1
423	1
424	1
425	1
430	1
418	1
429	1
433	1
419	1
428	1
434	1
438	1
440	1
432	1
441	1
437	1
443	1
445	1
446	1
426	1
439	2
447	2
448	2
435	1
436	1
449	1
450	1
420	1
427	1
451	1
452	1
454	1
455	1
442	1
458	1
464	2
431	1
460	2
462	2
467	2
444	1
456	1
459	1
468	1
470	1
471	2
472	2
475	1
476	1
477	2
463	1
465	1
474	1
484	1
485	2
486	1
488	1
410	1
461	1
473	1
480	1
489	1
453	1
466	1
469	1
491	1
482	1
487	1
492	1
493	1
494	1
495	2
497	1
479	1
483	1
503	1
502	1
504	1
501	1
506	1
499	1
507	1
508	2
509	1
510	1
478	1
512	1
513	1
511	1
514	1
515	1
481	1
490	1
516	3
500	1
518	2
505	1
519	1
496	1
498	1
517	1
520	1
521	1
522	1
523	2
524	1
525	1
527	1
528	1
529	1
530	1
526	1
532	1
536	1
538	1
539	2
541	1
542	1
533	1
534	1
535	1
540	1
549	1
550	1
551	1
554	1
547	1
555	1
546	1
557	2
548	1
553	1
558	2
559	1
562	1
552	1
563	1
564	1
457	1
561	1
565	1
566	1
544	1
556	1
567	1
570	1
571	1
573	1
569	1
574	1
575	1
576	1
531	1
537	1
543	1
545	1
560	1
568	2
572	2
577	3
578	2
579	2
580	1
581	2
582	2
583	1
585	1
590	1
584	2
586	2
592	2
597	2
587	1
595	1
598	1
600	2
604	1
589	1
591	1
605	1
593	2
602	2
606	2
599	1
608	1
594	2
603	2
609	2
610	2
611	1
588	1
596	1
607	1
613	1
618	1
619	1
620	1
612	1
616	1
621	1
622	2
615	2
628	2
624	2
629	2
631	3
601	1
627	1
632	2
633	2
617	1
634	1
636	2
614	1
635	1
637	1
638	1
623	2
640	2
626	1
641	1
643	1
644	1
639	1
642	2
645	2
646	1
625	1
630	1
647	1
650	2
653	2
648	1
652	1
654	1
656	1
649	1
657	1
658	1
659	1
655	1
663	1
660	2
664	2
666	2
665	1
667	1
651	1
662	1
668	2
669	2
672	1
673	2
675	1
677	1
678	2
661	2
670	2
674	2
676	3
680	3
679	1
681	1
671	2
684	2
682	2
685	2
686	1
683	2
687	2
688	2
689	2
690	3
691	2
369	1
693	1
695	1
696	1
694	1
697	2
698	2
703	2
699	1
700	1
702	1
704	1
705	1
701	1
706	2
707	1
709	1
710	2
711	1
712	1
713	2
708	1
714	1
715	1
692	2
717	2
718	2
719	2
720	2
721	2
722	2
723	2
716	2
725	2
726	2
727	2
728	2
729	2
730	2
731	2
733	2
732	2
734	2
735	2
736	2
724	2
739	2
740	2
741	3
743	2
742	3
745	3
744	2
746	2
747	2
748	2
738	2
751	2
752	2
753	2
754	3
755	2
756	2
757	2
760	2
761	2
763	2
758	2
759	2
762	2
764	2
765	2
766	2
767	2
768	2
769	2
770	2
772	2
750	2
774	2
775	2
778	2
779	2
776	2
777	2
781	2
782	2
784	2
780	3
783	3
785	3
787	3
788	2
789	2
790	3
786	3
791	3
792	3
793	2
794	3
795	3
796	3
797	3
799	4
800	4
801	4
798	2
802	3
804	3
805	3
806	3
808	3
807	3
809	3
803	2
810	3
811	2
812	3
773	2
817	2
818	3
815	2
816	2
820	2
822	2
821	2
823	2
824	2
819	3
825	3
826	3
827	2
814	2
829	2
830	2
831	2
832	3
833	2
834	2
835	2
828	2
836	2
838	3
839	3
841	3
843	3
846	3
840	3
845	3
847	3
848	3
844	3
850	3
853	3
855	4
849	3
851	3
854	3
857	3
856	3
859	3
860	3
861	3
842	2
864	2
865	2
867	2
863	3
866	5
868	5
869	2
862	3
870	3
871	3
872	3
875	4
874	3
877	3
879	3
858	3
876	3
880	3
884	5
885	4
881	3
883	3
886	3
889	3
890	3
873	3
878	3
894	3
896	3
895	3
898	4
899	3
888	2
891	2
900	2
893	2
904	2
905	3
892	4
897	4
906	4
907	3
887	3
901	3
902	3
909	3
882	3
910	3
911	4
913	2
914	3
915	3
903	3
908	3
916	3
917	3
918	3
919	3
920	4
921	4
923	4
912	3
922	3
925	3
926	3
927	3
924	2
928	2
929	2
931	3
932	3
837	2
938	2
939	2
940	2
941	3
943	3
942	2
944	2
945	2
937	2
946	2
947	2
948	3
950	2
951	2
952	2
953	2
955	2
954	2
956	2
957	2
958	2
960	2
961	3
949	2
959	2
962	2
964	2
965	2
966	3
963	2
967	2
968	2
970	2
969	2
971	2
972	2
973	2
974	2
976	2
977	2
978	2
975	2
979	2
980	2
981	2
982	2
983	2
984	2
985	2
987	2
988	2
989	2
986	2
990	2
993	2
991	2
992	2
994	2
995	2
996	2
997	2
998	2
999	2
936	2
1001	3
1002	3
1003	3
1004	3
1005	3
1006	3
1007	3
1011	3
1012	3
1013	3
1016	3
1008	3
1009	5
1015	6
1017	6
1018	3
1020	3
1021	6
1010	5
1022	5
1023	5
1014	3
1025	3
1027	3
1029	3
1030	5
1033	3
1019	5
1026	5
1028	5
1032	5
1035	5
1024	5
1036	5
1040	5
1039	5
1042	5
1043	5
1037	3
1044	3
1048	3
1031	5
1034	5
1038	5
1045	5
1050	5
1052	3
1046	5
1053	5
1055	5
1041	6
1049	6
1056	6
1054	6
1058	6
1051	3
1057	4
1059	4
1060	6
1061	6
1063	6
1064	5
1062	4
1065	4
1066	4
1047	5
1067	5
1070	5
1071	5
1072	5
1073	4
1075	3
1077	3
1078	3
1082	5
1083	5
1074	6
1076	6
1084	6
1085	3
1068	3
1069	3
1080	3
1086	3
1087	3
1088	6
1081	3
1089	3
1079	6
1090	6
1091	5
1092	4
1093	4
1094	6
1095	4
1097	3
1096	3
1098	4
1099	3
1000	3
1101	3
1102	3
1103	4
1104	4
1105	5
1106	3
1107	3
1108	3
1110	3
1109	3
1114	3
1115	3
1117	3
1111	3
1116	3
1118	3
1119	3
1112	3
1120	3
1121	3
1113	3
1122	3
1125	4
1126	3
1123	3
1127	4
1128	4
1129	4
1100	3
1131	3
1132	3
1133	3
1135	3
1134	3
1136	3
1138	3
1140	3
1141	3
1142	3
1137	4
1143	4
1144	4
1145	3
1146	3
1147	4
1139	4
1148	4
1149	4
1150	4
1152	4
1153	4
1151	3
1154	3
1156	3
1157	3
1155	3
1158	3
1159	3
1130	3
1160	3
1161	3
1163	3
1164	3
1166	3
1167	3
1170	3
1165	3
1168	4
1169	4
1171	4
1172	4
1173	4
1179	4
1180	4
1174	4
1176	4
1178	4
1181	4
1175	3
1183	3
1177	4
1184	4
1182	4
1185	4
1186	4
1187	4
1189	3
1190	4
1188	4
1191	5
1192	4
1193	4
1194	4
1195	3
1196	3
1197	3
1198	3
1199	3
1200	3
1204	3
1206	3
1202	3
1203	3
1205	3
1207	3
1209	3
1201	3
1210	3
1211	3
1215	3
1208	3
1216	3
1213	4
1218	4
1219	4
1221	3
1225	3
1226	3
1220	4
1227	4
1212	3
1217	3
1222	3
1228	3
1232	3
1223	3
1231	3
1233	3
1234	3
1214	3
1230	3
1235	3
1237	3
1239	4
1224	4
1241	4
1242	4
1229	4
1243	4
1244	4
1236	3
1238	4
1245	4
1247	4
1248	3
1249	4
1246	3
1250	3
1240	3
1251	3
1252	4
1253	3
1254	3
1255	4
1162	3
1257	3
1258	3
1260	3
1261	3
1263	4
1259	3
1265	3
1267	3
1269	3
1268	3
1271	3
1272	3
1262	3
1266	3
1274	3
1275	3
1264	3
1270	3
1276	3
1273	3
1277	3
1278	3
1279	3
1256	3
1281	3
1282	3
1283	3
1285	3
1286	4
1284	3
1288	3
1289	3
1287	4
1290	4
1291	4
1295	4
1292	5
1293	5
1297	5
1298	5
1294	5
1296	5
1299	5
1300	5
1301	5
1303	5
1304	5
1305	5
1306	3
1302	5
1307	5
1309	5
1308	5
1310	5
1311	5
1312	5
1313	3
1314	3
1315	3
1316	4
1319	4
1320	4
1317	3
1318	3
1321	3
1322	3
1323	3
1325	3
1327	3
1326	3
1328	3
1329	3
1330	3
1331	3
1324	3
1332	3
1333	3
1334	3
1335	3
1280	3
1337	3
1338	3
1340	3
1342	3
1343	3
1341	3
1345	3
1346	3
1347	3
1344	3
1348	4
1339	3
1349	3
1350	3
1352	3
1351	3
1353	3
1354	3
1355	4
1336	3
1357	3
1358	3
1359	4
1356	3
1365	3
1367	3
1366	3
1368	3
1364	3
1369	3
1363	3
1371	3
1373	3
1374	3
1375	3
1372	3
1376	3
1378	3
1379	3
1381	3
1384	3
1385	3
1387	3
1388	3
1389	3
1390	3
1391	3
1392	3
1394	3
1393	3
1395	3
1397	3
1399	3
1400	3
1402	3
1404	4
1382	3
1386	3
1401	4
1403	4
1406	4
1370	3
1409	3
1407	3
1413	3
1415	3
1416	3
1417	3
1419	3
1420	3
1421	3
1423	4
1426	3
1428	3
1425	3
1427	3
1429	3
1430	3
1433	3
1414	3
1434	3
1435	3
1418	3
1422	3
1437	3
1438	3
1436	3
1439	3
1440	3
1442	3
1441	3
1443	3
1447	3
1431	3
1432	3
1448	3
1449	3
1450	3
1453	3
1454	3
1446	3
1455	3
1445	3
1456	3
1457	3
1444	4
1451	4
1458	5
1459	3
1461	4
1424	3
1452	3
1460	3
1462	3
1463	4
1464	5
1465	4
1466	3
1467	3
1469	3
1474	3
1468	3
1470	3
1471	3
1473	3
1475	3
1476	3
1472	3
1478	3
1477	3
1479	3
1480	3
1481	3
1482	3
1486	3
1487	3
1488	4
1483	4
1484	4
1489	4
1491	4
1493	4
1485	4
1490	4
1494	4
1495	3
1497	4
1499	4
1500	4
1502	4
1496	3
1498	3
1503	4
1504	4
1492	4
1507	4
1508	4
1505	3
1506	3
1509	3
1510	3
1511	5
1512	3
1513	3
1501	4
1515	4
1516	3
1517	4
1514	3
1518	3
1519	3
1520	4
1412	3
1522	3
1523	4
1524	4
1525	4
1526	3
1527	3
1528	3
1521	3
1530	3
1531	3
1532	3
1533	3
1534	3
1535	3
1538	3
1539	3
1542	3
1536	3
1537	3
1543	3
1544	3
1540	3
1541	3
1545	3
1547	3
1546	3
1548	3
1550	3
1551	3
1553	3
1549	3
1552	3
1554	3
1555	3
1556	3
1557	3
1558	4
1559	3
1529	3
1561	4
1562	4
1563	4
1564	4
1565	5
1566	4
1567	4
1569	4
1560	3
1575	3
1577	3
1574	3
1576	3
1578	3
1580	5
1579	3
1582	3
1583	3
1584	3
1581	3
1585	4
1586	3
1591	3
1589	3
1592	3
1587	3
1593	3
1594	4
1596	4
1590	3
1597	3
1588	3
1598	4
1599	4
1595	3
1600	3
1601	4
1602	4
1603	3
1573	3
1605	3
1607	3
1608	3
1610	3
1606	3
1609	3
1611	3
1612	3
1613	3
1614	4
1615	3
1604	4
1617	4
1618	4
1619	4
1621	4
1620	4
1622	5
1623	6
1625	5
1624	4
1626	4
1627	4
1616	4
1629	4
1630	4
1631	4
1632	4
1633	4
1634	4
1635	5
1638	5
1641	6
1642	6
1636	4
1637	4
1639	4
1643	4
1644	5
1645	5
1646	5
1640	4
1647	5
1648	4
1649	5
1650	5
1651	4
1652	6
1653	6
1654	6
1655	6
1656	5
1657	4
1659	4
1660	4
1662	4
1658	4
1663	4
1664	4
1661	4
1665	4
1666	5
1667	4
1668	4
1669	4
1670	4
1671	4
1628	4
1673	4
1674	4
1675	4
1676	4
1679	4
1677	4
1678	4
1681	4
1680	4
1682	4
1683	4
1686	4
1684	4
1685	4
1687	4
1688	4
1689	4
1690	4
1691	4
1672	4
1693	4
1694	4
1695	4
1696	4
1692	4
1699	4
1702	4
1704	4
1698	4
1701	4
1703	4
1705	4
1700	4
1706	4
1708	4
1710	4
1707	4
1709	4
1711	4
1714	4
1712	4
1713	4
1716	4
1717	4
1718	4
1720	4
1721	4
1715	5
1719	5
1723	5
1722	5
1724	5
1725	5
1726	4
1727	5
1728	5
1729	5
1730	5
1733	5
1735	5
1731	5
1732	5
1736	5
1734	5
1738	5
1739	5
1737	5
1740	6
1741	5
1742	5
1743	5
1697	4
1745	4
1746	5
1747	5
1751	5
1748	4
1752	4
1755	4
1750	5
1756	5
1757	5
1758	5
1749	5
1753	5
1759	5
1760	5
1744	4
1761	4
1763	4
1764	4
1765	6
1766	4
1767	4
1768	4
1769	4
1770	4
1771	4
1773	4
1772	4
1774	4
1775	4
1778	4
1779	4
1776	5
1777	5
1780	5
1781	5
1782	5
1784	5
1783	4
1785	4
1786	5
1787	4
1762	4
1789	4
1790	4
1791	4
1792	4
1793	5
1794	4
1797	4
1798	4
1796	4
1799	4
1803	5
1804	4
1795	4
1800	5
1802	5
1805	5
1807	5
1788	4
1810	4
1812	4
1811	4
1813	4
1809	4
1814	4
1815	4
1816	4
1818	4
1819	4
1817	4
1820	4
1822	4
1821	4
1823	4
1824	4
1826	5
1825	4
1827	4
1829	4
1830	4
1831	4
1828	4
1832	4
1833	4
1834	4
1837	6
1838	6
1835	4
1839	4
1840	4
1836	4
1841	5
1842	4
1843	4
1844	4
1845	4
1846	4
1847	6
1848	4
1808	4
1850	4
1851	4
1852	4
1853	4
1854	4
1855	4
1856	4
1857	4
1858	4
1859	4
1849	5
1860	5
1864	5
1865	5
1863	5
1867	5
1869	5
1868	5
1870	5
1871	5
1872	5
1873	5
1874	5
1875	5
1877	5
1879	5
1876	5
1878	5
1880	5
1881	5
1886	5
1884	5
1890	5
1882	5
1883	5
1885	5
1887	6
1888	6
1891	6
1894	5
1893	5
1895	5
1897	6
1896	5
1898	5
1899	5
1889	6
1892	6
1902	6
1903	5
1904	6
1906	5
1907	5
1908	5
1900	6
1905	6
1910	6
1901	6
1909	6
1911	6
1912	6
1913	5
1914	5
1915	6
1916	5
1917	6
1918	6
1919	6
1920	6
1866	5
1921	5
1923	6
1924	7
1928	8
1930	8
1931	8
1937	8
1932	8
1933	8
1934	9
1938	9
1943	9
1935	8
1942	9
1944	9
1946	9
1939	9
1941	9
1948	10
1929	7
1950	8
1952	8
1953	8
1936	8
1940	8
1945	8
1954	8
1949	7
1951	7
1955	7
1956	8
1957	9
1960	8
1947	9
1958	9
1962	9
1967	9
1959	7
1969	7
1970	7
1971	7
1963	8
1966	8
1973	8
1964	9
1974	9
1926	7
1927	7
1961	7
1972	7
1976	8
1977	10
1978	7
1975	7
1982	7
1983	7
1984	8
1986	7
1987	7
1980	9
1991	9
1965	8
1968	8
1993	8
1992	8
1994	8
1988	7
1996	7
1997	7
1979	9
1989	9
2000	9
2002	9
1995	7
1999	7
2003	7
2008	10
2010	7
2012	7
2014	7
1981	7
1985	7
2009	7
2017	7
2018	7
1998	7
2011	7
2020	7
2019	7
2021	7
2022	7
2001	7
2007	7
2023	7
2025	7
2027	7
2006	9
2029	9
2004	8
2015	8
2030	8
2031	8
2005	7
2033	7
2034	8
2040	9
2042	7
2016	8
2036	8
2037	8
2043	8
2044	7
2026	7
2028	7
2045	7
2024	8
2032	8
2046	8
2038	7
2041	7
2048	8
2035	7
2049	7
2050	7
2051	7
2052	7
2053	7
2058	7
2059	9
2060	8
2061	7
1990	7
2054	7
2062	7
2063	7
2064	7
