0	0	2	0	0	0	0	1	
1	0	1	4.84	4.84	1	0	1	
2	1	1	7.04	7.04	2	0	1	
2	0	1	7.8107	7.8107	1	2	1	
3	0	1	9.14037	9.14037	2	4	1	
3	2	1	9.37809	9.37809	4	3	1	
3	0	1	9.68995	9.68995	3	2	1	
3	0	1	10.1431	10.1431	1	1	1	
0	0	2	10.9719	10.9719	0	0	1	
0	0	2	15.8119	15.8119	0	0	1	
1	0	1	18.0119	18.0119	5	0	1	
2	0	1	19.4354	19.4354	5	0	1	
2	0	1	20.0825	20.0825	7	2	1	
3	0	1	20.4158	20.4158	5	4	1	
3	0	1	20.6403	20.6403	8	3	1	
1	0	1	20.9298	20.9298	6	2	1	
3	1	1	21.3372	21.3372	9	2	1	
2	1	1	21.6404	21.6404	10	1	1	
3	0	1	22.0757	22.0757	7	3	1	
0	0	2	22.3422	22.3422	0	2	1	
2	0	1	22.7056	22.7056	6	2	1	
1	0	1	23.0389	23.0389	12	4	1	
3	1	1	23.2634	23.2634	11	4	1	
3	2	1	23.4522	23.4522	13	3	1	
3	1	1	23.6849	23.6849	6	2	1	
3	0	1	23.9881	23.9881	10	1	1	
2	0	0	24.4234	24.4234	12	0	1	
2	2	0	25.1941	25.1941	15	0	1	
2	2	1	25.7367	25.7367	15	0	1	
3	1	1	26.1554	26.1554	17	2	1	
2	0	1	26.4156	26.4156	12	1	1	
3	2	1	26.7673	26.7673	18	3	1	
3	1	1	27	27	12	2	1	
3	0	1	27.3033	27.3033	15	1	1	
2	0	1	27.7385	27.7385	14	0	1	
3	0	1	28.5092	28.5092	14	2	1	
2	0	1	28.8726	28.8726	16	1	1	
3	0	1	29.4433	29.4433	19	3	1	
3	0	1	29.7552	29.7552	16	2	1	
3	0	1	30.2084	30.2084	20	1	1	
0	0	2	31.0371	31.0371	0	0	1	
1	0	1	35.8771	35.8771	21	0	1	
2	1	1	38.0771	38.0771	22	0	1	
3	1	1	38.8479	38.8479	23	2	1	
2	0	1	39.2112	39.2112	21	1	1	
3	2	1	39.782	39.782	24	3	1	
3	0	1	40.0938	40.0938	22	2	1	
3	0	1	40.547	40.547	21	1	1	
0	0	2	41.3758	41.3758	0	0	1	
1	0	1	46.2158	46.2158	25	0	1	
0	0	2	48.4158	48.4158	0	0	1	
2	1	0	49.1865	49.1865	26	0	1	
2	2	1	49.8335	49.8335	28	0	1	
2	0	1	50.3118	50.3118	25	2	1	
0	0	2	50.5938	50.5938	0	4	1	
3	0	1	50.7938	50.7938	28	4	1	
3	2	1	50.9844	50.9844	30	3	1	
2	0	1	51.2198	51.2198	26	2	1	
3	2	1	51.5277	51.5277	26	4	1	
3	0	1	51.7403	51.7403	29	3	1	
3	1	1	52.0104	52.0104	32	2	1	
3	0	1	52.3805	52.3805	25	1	1	
1	1	1	52.9678	52.9678	31	0	1	
2	1	0	54.3914	54.3914	33	0	1	
1	0	1	55.0384	55.0384	27	0	1	
2	0	1	55.5167	55.5167	31	0	1	
2	2	1	55.8575	55.8575	27	2	1	
3	1	1	56.0854	56.0854	36	4	1	
3	1	1	56.2566	56.2566	27	3	1	
3	1	1	56.463	56.463	37	2	1	
3	0	1	56.7233	56.7233	31	1	1	
2	2	1	57.075	57.075	35	0	1	
0	0	2	57.6176	57.6176	0	2	1	
1	0	1	57.9209	57.9209	39	2	1	
2	2	1	58.2029	58.2029	39	2	1	
3	3	1	58.4308	58.4308	41	4	1	
3	1	1	58.6019	58.6019	38	3	1	
2	2	1	58.8084	58.8084	40	2	1	
3	0	1	59.0686	59.0686	35	4	1	
3	1	1	59.2574	59.2574	40	3	1	
2	0	1	59.4901	59.4901	33	2	1	
3	2	1	59.7933	59.7933	33	4	1	
3	1	1	60.0038	60.0038	42	3	1	
0	0	2	60.2703	60.2703	0	2	1	
3	0	1	60.6337	60.6337	39	2	1	
2	0	1	60.967	60.967	34	1	1	
3	2	1	61.467	61.467	45	3	1	
3	1	1	61.7565	61.7565	34	2	1	
3	0	1	62.1639	62.1639	43	1	1	
0	0	2	62.8514	62.8514	0	0	1	
1	1	1	65.0514	65.0514	46	0	1	
2	0	1	66.4749	66.4749	46	0	1	
3	1	1	67.122	67.122	48	2	1	
2	0	1	67.4553	67.4553	47	1	1	
3	1	1	67.9553	67.9553	47	3	1	
3	0	1	68.2448	68.2448	46	2	1	
3	0	1	68.6522	68.6522	49	1	1	
1	0	1	69.3397	69.3397	44	0	1	
2	0	1	71.5397	71.5397	44	0	1	
3	1	1	72.3104	72.3104	51	2	1	
3	0	1	72.6737	72.6737	44	1	1	
0	0	2	73.2445	73.2445	0	0	1	
1	0	1	74.5742	74.5742	52	0	1	
2	1	1	75.5742	75.5742	52	0	1	
3	0	1	76.1168	76.1168	52	2	1	
2	1	1	76.42	76.42	53	1	1	
0	0	2	76.8553	76.8553	0	3	1	
2	0	1	77.1218	77.1218	50	3	1	
3	4	1	77.3718	77.3718	57	5	1	
3	3	1	77.5551	77.5551	50	4	1	
3	0	1	77.7796	77.7796	54	3	1	
3	1	1	78.0691	78.0691	55	2	1	
1	0	1	78.4765	78.4765	56	1	1	
2	0	1	79.164	79.164	56	1	1	
0	0	2	79.5993	79.5993	0	3	1	
3	1	1	79.8658	79.8658	56	3	1	
1	0	1	80.1158	80.1158	60	2	1	
3	0	1	80.4491	80.4491	53	2	1	
3	0	1	80.7093	80.7093	59	1	1	
2	1	1	81.0611	81.0611	60	0	1	
0	0	2	81.6037	81.6037	0	2	1	
3	0	1	81.9069	81.9069	60	2	1	
3	0	1	82.189	82.189	62	1	1	
2	1	0	82.5818	82.5818	61	0	1	
0	0	2	83.2289	83.2289	0	0	1	
2	1	1	83.7072	83.7072	61	0	1	
3	1	1	84.1347	84.1347	66	2	1	
3	0	1	84.3983	84.3983	61	1	1	
2	1	1	84.7563	84.7563	64	0	1	
3	1	1	85.3139	85.3139	67	2	1	
3	0	1	85.6218	85.6218	64	1	1	
0	0	2	86.0667	86.0667	0	0	1	
1	0	1	86.868	86.868	63	0	1	
2	2	1	87.5365	87.5365	69	0	1	
3	1	1	87.9641	87.9641	70	2	1	
3	0	1	88.2277	88.2277	69	1	1	
0	0	2	88.5857	88.5857	0	0	1	
1	1	1	89.1433	89.1433	68	0	1	
2	2	1	89.6332	89.6332	68	0	1	
1	0	1	89.9799	89.9799	65	2	1	
3	0	1	90.2103	90.2103	68	2	1	
2	2	1	90.4033	90.4033	72	1	1	
3	0	1	90.6424	90.6424	73	3	1	
2	1	1	90.8199	90.8199	63	2	1	
3	3	1	91.0356	91.0356	76	4	1	
3	0	1	91.1997	91.1997	72	3	1	
2	1	1	91.3962	91.3962	65	2	1	
3	1	1	91.6406	91.6406	63	4	1	
3	0	1	91.8209	91.8209	75	3	1	
2	1	1	92.0409	92.0409	74	2	1	
2	0	1	92.323	92.323	58	4	1	
3	0	1	92.523	92.523	65	6	1	
3	4	1	92.6779	92.6779	79	5	1	
3	2	1	92.8612	92.8612	78	4	1	
3	0	1	93.0857	93.0857	77	3	1	
1	0	1	93.3752	93.3752	71	2	1	
0	0	2	93.7826	93.7826	0	2	1	
3	1	1	94.0859	94.0859	58	2	1	
3	0	1	94.3679	94.3679	74	1	1	
2	0	1	94.7608	94.7608	71	0	1	
3	1	1	95.4078	95.4078	82	2	1	
3	0	1	95.7412	95.7412	71	1	1	
2	0	1	96.2412	96.2412	80	0	1	
3	1	1	97.2412	97.2412	83	2	1	
3	0	1	97.6486	97.6486	80	1	1	
1	0	1	98.3361	98.3361	81	0	1	
0	0	2	100.536	100.536	0	0	1	
2	1	0	101.307	101.307	84	0	1	
2	1	1	101.954	101.954	84	0	1	
3	0	1	102.432	102.432	84	2	1	
2	1	1	102.714	102.714	86	1	1	
2	0	0	103.107	103.107	81	3	1	
3	1	1	103.357	103.357	86	3	1	
0	0	2	103.577	103.577	0	2	1	
3	0	1	103.859	103.859	87	2	1	
2	1	1	104.123	104.123	89	1	1	
3	2	1	104.481	104.481	91	3	1	
3	1	1	104.716	104.716	89	2	1	
3	0	1	105.024	105.024	88	1	1	
2	0	1	105.469	105.469	81	0	1	
3	1	1	106.27	106.27	92	2	1	
3	0	1	106.64	106.64	81	1	1	
1	1	1	107.228	107.228	90	0	1	
2	0	1	108.651	108.651	90	0	1	
2	0	1	109.298	109.298	93	2	1	
3	0	1	109.631	109.631	90	4	1	
3	2	1	109.856	109.856	95	3	1	
3	1	1	110.145	110.145	93	2	1	
0	0	2	110.553	110.553	0	1	1	
3	0	1	111.24	111.24	94	1	1	
1	0	1	111.828	111.828	85	0	1	
0	0	2	113.251	113.251	0	0	1	
2	1	1	113.898	113.898	97	0	1	
3	1	1	114.456	114.456	99	2	1	
3	0	1	114.764	114.764	97	1	1	
2	0	1	115.209	115.209	85	0	1	
3	1	1	116.01	116.01	100	2	1	
3	0	1	116.38	116.38	85	1	1	
1	1	1	116.967	116.967	98	0	1	
2	0	1	118.391	118.391	98	0	1	
2	0	1	119.038	119.038	101	2	1	
3	1	1	119.371	119.371	102	4	1	
3	2	1	119.596	119.596	103	3	1	
1	0	1	119.885	119.885	96	2	1	
3	1	1	120.293	120.293	101	2	1	
2	1	1	120.596	120.596	104	1	1	
3	1	1	121.031	121.031	104	3	1	
3	1	1	121.298	121.298	105	2	1	
2	0	1	121.661	121.661	96	1	1	
3	1	1	122.232	122.232	96	3	1	
3	0	1	122.544	122.544	98	2	1	
3	0	1	122.997	122.997	106	1	1	
0	0	2	123.826	123.826	0	0	1	
0	0	2	128.666	128.666	0	0	1	
1	1	1	130.866	130.866	108	0	1	
2	0	1	132.289	132.289	108	0	1	
3	0	1	132.936	132.936	108	2	1	
2	0	1	133.27	133.27	109	1	1	
3	0	1	133.77	133.77	110	3	1	
3	0	1	134.059	134.059	109	2	1	
1	0	1	134.466	134.466	107	1	1	
3	0	1	135.154	135.154	111	1	1	
2	0	1	135.589	135.589	107	0	1	
2	0	1	136.36	136.36	112	2	1	
3	2	1	136.723	136.723	112	4	1	
3	0	1	136.961	136.961	107	3	1	
3	0	1	137.273	137.273	113	2	1	
3	0	1	137.726	137.726	114	1	1	
0	0	2	138.555	138.555	0	0	1	
0	0	2	143.395	143.395	0	0	1	
1	0	1	145.595	145.595	115	0	1	
1	0	1	147.018	147.018	116	0	1	
2	2	1	147.665	147.665	116	0	1	
2	0	1	148.084	148.084	115	2	1	
3	0	1	148.344	148.344	116	4	1	
3	0	1	148.533	148.533	119	3	1	
2	0	1	148.766	148.766	117	2	1	
3	1	1	149.069	149.069	120	4	1	
3	1	1	149.279	149.279	117	3	1	
3	0	1	149.546	149.546	115	2	1	
0	0	2	149.909	149.909	0	1	1	
3	0	1	150.48	150.48	121	1	1	
1	0	0	150.98	150.98	122	0	1	
2	0	1	151.98	151.98	118	0	1	
1	1	1	152.781	152.781	123	2	1	
2	1	1	153.151	153.151	125	2	1	
3	3	1	153.433	153.433	126	4	1	
3	0	1	153.633	153.633	118	3	1	
3	1	1	153.883	153.883	125	2	1	
3	0	1	154.217	154.217	124	1	1	
1	0	1	154.717	154.717	122	0	1	
2	2	1	155.717	155.717	127	0	1	
2	0	1	156.259	156.259	123	2	1	
3	3	1	156.563	156.563	129	4	1	
3	2	1	156.773	156.773	123	3	1	
3	0	1	157.04	157.04	127	2	1	
2	0	1	157.403	157.403	122	1	1	
3	1	1	157.974	157.974	122	3	1	
3	1	1	158.286	158.286	130	2	1	
3	0	1	158.739	158.739	128	1	1	
0	0	2	159.568	159.568	0	0	1	
1	0	1	164.408	164.408	131	0	1	
2	1	1	166.608	166.608	132	0	1	
3	1	1	167.378	167.378	133	2	1	
3	0	1	167.742	167.742	132	1	1	
2	0	1	168.312	168.312	131	0	1	
0	0	2	169.642	169.642	0	2	1	
3	1	1	170.095	170.095	134	2	1	
0	0	2	170.503	170.503	0	1	1	
1	0	1	171.19	171.19	135	1	1	
2	0	1	171.777	171.777	135	1	1	
3	2	1	172.17	172.17	138	3	1	
3	1	1	172.42	172.42	135	2	1	
3	0	1	172.754	172.754	131	1	1	
2	0	1	173.254	173.254	137	0	1	
3	1	1	174.254	174.254	139	2	1	
3	0	1	174.661	174.661	137	1	1	
0	0	2	175.349	175.349	0	0	1	
0	0	2	177.549	177.549	0	0	1	
0	0	2	178.972	178.972	0	0	1	
1	3	1	180.024	180.024	142	0	1	
2	1	1	180.859	180.859	143	0	1	
3	0	1	181.349	181.349	143	2	1	
3	0	1	181.635	181.635	144	1	1	
2	0	1	182.035	182.035	142	0	1	
3	1	1	182.704	182.704	145	2	1	
3	0	1	183.043	183.043	142	1	1	
1	0	0	183.556	183.556	136	0	1	
1	1	1	184.608	184.608	140	0	1	
2	0	1	185.442	185.442	140	0	1	
3	1	1	185.932	185.932	148	2	1	
2	0	1	186.218	186.218	147	1	1	
3	2	1	186.619	186.619	149	3	1	
3	1	1	186.872	186.872	147	2	1	
3	0	1	187.211	187.211	140	1	1	
1	0	1	187.724	187.724	136	0	1	
2	1	1	188.776	188.776	150	0	1	
3	1	1	189.333	189.333	151	2	1	
3	0	1	189.641	189.641	150	1	1	
1	1	1	190.086	190.086	146	0	1	
0	0	2	190.887	190.887	0	0	1	
2	1	1	191.366	191.366	146	0	1	
1	1	1	191.793	191.793	153	2	1	
1	0	1	192.057	192.057	141	2	1	
2	4	1	192.273	192.273	141	2	1	
3	0	1	192.455	192.455	146	4	1	
3	2	1	192.599	192.599	157	3	1	
3	1	1	192.768	192.768	141	2	1	
2	3	1	192.97	192.97	155	1	1	
3	2	1	193.225	193.225	158	3	1	
2	2	1	193.41	193.41	153	2	1	
3	1	1	193.638	193.638	155	4	1	
2	0	1	193.809	193.809	136	3	1	
3	4	1	194.016	194.016	160	5	1	
3	0	1	194.175	194.175	154	4	1	
3	1	1	194.363	194.363	159	3	1	
3	0	1	194.596	194.596	153	2	1	
3	0	1	194.899	194.899	136	1	1	
2	0	1	195.335	195.335	152	0	1	
3	0	1	196.105	196.105	152	2	1	
3	0	1	196.469	196.469	161	1	1	
2	0	1	197.039	197.039	156	0	1	
3	0	1	198.369	198.369	156	2	1	
3	0	1	198.822	198.822	162	1	1	
0	0	2	199.651	199.651	0	0	1	
1	0	0	204.491	204.491	163	0	1	
0	0	2	206.691	206.691	0	0	1	
1	2	1	208.114	208.114	165	0	1	
2	1	0	209.167	209.167	166	0	1	
2	0	1	209.724	209.724	165	0	1	
3	1	1	210.152	210.152	168	2	1	
3	0	1	210.415	210.415	165	1	1	
2	0	1	210.773	210.773	166	0	1	
3	1	1	211.331	211.331	169	2	1	
3	0	1	211.639	211.639	166	1	1	
1	0	1	212.084	212.084	163	0	1	
0	0	2	212.885	212.885	0	0	1	
2	1	1	213.363	213.363	163	0	1	
1	0	1	213.791	213.791	164	2	1	
3	0	1	214.055	214.055	163	2	1	
2	1	1	214.27	214.27	170	1	1	
3	0	1	214.545	214.545	172	3	1	
1	0	1	214.742	214.742	171	2	1	
3	1	1	214.986	214.986	174	2	1	
2	4	1	215.189	215.189	175	1	1	
3	2	1	215.443	215.443	176	3	1	
3	1	1	215.629	215.629	175	2	1	
2	2	1	215.856	215.856	173	1	1	
2	0	1	216.152	216.152	167	3	1	
3	4	1	216.358	216.358	178	5	1	
3	0	1	216.517	216.517	170	4	1	
3	1	1	216.706	216.706	177	3	1	
3	1	1	216.938	216.938	167	2	1	
2	0	1	217.242	217.242	164	1	1	
2	0	1	217.677	217.677	171	3	1	
3	1	1	217.943	217.943	164	5	1	
3	1	1	218.135	218.135	179	4	1	
3	1	1	218.373	218.373	171	3	1	
3	1	1	218.685	218.685	180	2	1	
0	0	2	219.138	219.138	0	1	1	
1	0	1	219.967	219.967	181	1	1	
3	0	1	220.654	220.654	173	1	1	
2	1	1	221.09	221.09	182	0	1	
3	0	1	221.86	221.86	182	2	1	
2	0	1	222.224	222.224	181	1	1	
3	2	1	222.794	222.794	184	3	1	
3	1	1	223.106	223.106	181	2	1	
0	0	2	223.56	223.56	0	1	1	
3	0	1	224.388	224.388	183	1	1	
0	0	2	225.076	225.076	0	0	1	
1	0	1	227.276	227.276	185	0	1	
2	0	1	228.699	228.699	185	0	1	
3	1	1	229.346	229.346	188	2	1	
3	0	1	229.68	229.68	185	1	1	
2	0	1	230.18	230.18	187	0	1	
3	1	1	231.18	231.18	189	2	1	
0	0	2	231.587	231.587	0	1	1	
1	0	1	232.275	232.275	186	1	1	
2	0	1	232.862	232.862	186	1	1	
3	0	1	233.255	233.255	187	3	1	
3	1	1	233.505	233.505	192	2	1	
2	0	1	233.838	233.838	191	1	1	
3	1	1	234.338	234.338	191	3	1	
3	0	1	234.628	234.628	186	2	1	
3	0	1	235.035	235.035	193	1	1	
0	0	2	235.723	235.723	0	0	1	
0	0	2	237.923	237.923	0	0	1	
1	1	1	239.346	239.346	194	0	1	
2	1	1	240.398	240.398	196	0	1	
1	0	1	240.956	240.956	190	2	1	
1	0	1	241.264	241.264	195	2	1	
2	4	1	241.508	241.508	199	2	1	
3	1	1	241.711	241.711	197	4	1	
3	2	1	241.867	241.867	200	3	1	
3	0	1	242.053	242.053	196	2	1	
3	0	1	242.281	242.281	199	1	1	
2	1	1	242.576	242.576	190	0	1	
3	0	1	242.995	242.995	190	2	1	
2	2	1	243.255	243.255	195	1	1	
3	0	1	243.607	243.607	201	3	1	
3	0	1	243.839	243.839	195	2	1	
3	0	1	244.143	244.143	202	1	1	
2	1	1	244.578	244.578	198	0	1	
2	0	1	245.349	245.349	194	2	1	
3	0	1	245.712	245.712	198	4	1	
3	0	1	245.95	245.95	203	3	1	
3	0	1	246.261	246.261	194	2	1	
3	0	1	246.715	246.715	204	1	1	
0	0	2	247.543	247.543	0	0	1	
1	0	0	252.383	252.383	205	0	1	
1	0	1	254.583	254.583	205	0	1	
2	0	1	256.007	256.007	205	0	1	
3	0	1	256.654	256.654	205	2	1	
2	0	0	256.987	256.987	207	1	1	
3	0	1	257.487	257.487	208	1	1	
1	0	1	257.88	257.88	206	0	1	
2	0	1	258.527	258.527	207	0	1	
3	1	1	258.946	258.946	211	2	1	
3	0	1	259.206	259.206	207	1	1	
2	2	1	259.558	259.558	210	0	1	
3	1	1	260.101	260.101	212	2	1	
0	0	2	260.404	260.404	0	1	1	
2	0	1	260.839	260.839	209	1	1	
3	2	1	261.232	261.232	214	3	1	
3	0	1	261.482	261.482	210	2	1	
2	0	1	261.815	261.815	206	1	1	
3	1	1	262.315	262.315	206	3	1	
3	0	1	262.605	262.605	209	2	1	
3	0	1	263.012	263.012	215	1	1	
0	0	2	263.7	263.7	0	0	1	
0	0	2	265.9	265.9	0	0	1	
1	2	1	267.323	267.323	217	0	1	
2	1	1	268.375	268.375	218	0	1	
3	0	1	268.933	268.933	218	2	1	
3	0	1	269.241	269.241	219	1	1	
2	0	0	269.686	269.686	217	0	1	
0	0	2	270.487	270.487	0	0	1	
1	1	0	271.045	271.045	216	0	1	
2	1	1	271.534	271.534	220	0	1	
1	3	1	271.971	271.971	222	2	1	
3	0	1	272.238	272.238	220	2	1	
3	0	1	272.456	272.456	223	1	1	
2	1	1	272.735	272.735	222	0	1	
2	0	1	273.122	273.122	217	2	1	
3	0	1	273.369	273.369	222	4	1	
0	0	2	273.551	273.551	0	3	1	
1	1	1	273.774	273.774	216	3	1	
3	0	1	273.984	273.984	225	3	1	
3	1	1	274.163	274.163	226	2	1	
3	0	1	274.381	274.381	217	1	1	
1	2	1	274.66	274.66	227	0	1	
2	2	1	275.047	275.047	228	0	1	
3	0	1	275.338	275.338	228	2	1	
2	0	1	275.543	275.543	224	1	1	
3	0	1	275.801	275.801	230	3	1	
3	0	1	275.988	275.988	224	2	1	
1	0	1	276.218	276.218	213	1	1	
2	2	1	276.518	276.518	229	1	1	
2	2	1	276.757	276.757	213	3	1	
3	2	1	276.934	276.934	233	5	1	
3	0	1	277.075	277.075	231	4	1	
3	0	1	277.24	277.24	229	3	1	
2	2	1	277.436	277.436	232	2	1	
3	0	1	277.68	277.68	213	4	1	
3	2	1	277.861	277.861	235	3	1	
3	1	1	278.081	278.081	232	2	1	
2	1	0	278.363	278.363	227	1	1	
2	1	1	278.756	278.756	227	1	1	
3	0	1	279.079	279.079	234	3	1	
3	1	1	279.299	279.299	237	2	1	
2	0	1	279.581	279.581	216	1	1	
3	0	1	279.974	279.974	227	3	1	
3	0	1	280.224	280.224	216	2	1	
2	0	1	280.557	280.557	236	1	1	
0	0	2	281.057	281.057	0	3	1	
3	2	1	281.347	281.347	239	3	1	
3	1	1	281.617	281.617	236	2	1	
1	1	1	281.987	281.987	240	1	1	
3	0	1	282.574	282.574	238	1	1	
1	0	1	282.967	282.967	221	0	1	
2	2	1	283.614	283.614	221	0	1	
2	1	1	284.033	284.033	241	2	1	
2	0	1	284.293	284.293	240	4	1	
3	4	1	284.482	284.482	240	6	1	
3	0	1	284.63	284.63	221	5	1	
3	3	1	284.804	284.804	245	4	1	
2	0	1	285.014	285.014	242	3	1	
3	0	1	285.281	285.281	243	5	1	
3	3	1	285.473	285.473	246	4	1	
3	2	1	285.711	285.711	242	3	1	
3	0	1	286.023	286.023	241	2	1	
3	0	1	286.476	286.476	244	1	1	
0	0	2	287.305	287.305	0	0	1	
1	0	1	292.145	292.145	247	0	1	
2	0	1	294.345	294.345	247	0	1	
2	0	1	295.115	295.115	248	2	1	
3	1	1	295.479	295.479	249	4	1	
0	0	2	295.716	295.716	0	3	1	
3	1	1	296.028	296.028	248	3	1	
3	0	1	296.318	296.318	247	2	1	
0	0	2	296.725	296.725	0	1	1	
3	0	1	297.413	297.413	250	1	1	
1	0	1	298	298	251	0	1	
2	0	1	299.423	299.423	251	0	1	
3	0	1	300.071	300.071	251	2	1	
3	0	1	300.404	300.404	254	1	1	
2	0	1	300.904	300.904	253	0	1	
3	0	1	301.904	301.904	253	2	1	
0	0	2	302.311	302.311	0	1	1	
1	0	0	302.999	302.999	252	1	1	
3	0	1	303.586	303.586	255	1	1	
0	0	2	304.099	304.099	0	0	1	
1	1	1	305.151	305.151	256	0	1	
0	0	2	305.986	305.986	0	0	1	
1	1	1	306.475	306.475	257	0	1	
2	0	1	306.912	306.912	256	0	1	
2	1	1	307.231	307.231	257	2	1	
2	1	1	307.449	307.449	261	4	1	
3	2	1	307.615	307.615	257	6	1	
3	2	1	307.748	307.748	263	5	1	
2	0	1	307.902	307.902	259	4	1	
3	0	1	308.084	308.084	256	6	1	
3	1	1	308.228	308.228	261	5	1	
3	3	1	308.396	308.396	265	4	1	
3	0	1	308.598	308.598	262	3	1	
3	1	1	308.851	308.851	259	2	1	
3	0	1	309.19	309.19	264	1	1	
1	0	1	309.703	309.703	252	0	1	
1	1	1	310.755	310.755	260	0	1	
0	0	2	311.313	311.313	0	0	1	
2	1	1	311.692	311.692	266	0	1	
3	0	1	312.039	312.039	266	2	1	
3	0	1	312.269	312.269	269	1	1	
2	2	1	312.569	312.569	267	0	1	
3	1	1	312.996	312.996	270	2	1	
1	1	1	313.26	313.26	268	1	1	
2	1	1	313.618	313.618	260	1	1	
2	0	1	313.893	313.893	252	3	1	
3	0	1	314.089	314.089	267	5	1	
3	2	1	314.242	314.242	252	4	1	
2	0	1	314.423	314.423	268	3	1	
3	0	1	314.643	314.643	260	5	1	
3	1	1	314.809	314.809	273	4	1	
1	0	1	315.009	315.009	258	3	1	
2	1	0	315.259	315.259	258	3	1	
3	2	1	315.466	315.466	274	3	1	
2	1	1	315.651	315.651	258	2	1	
2	1	1	315.879	315.879	275	4	1	
3	1	1	316.05	316.05	268	6	1	
3	1	1	316.187	316.187	258	5	1	
3	0	1	316.346	316.346	272	4	1	
3	2	1	316.535	316.535	278	3	1	
2	0	1	316.768	316.768	271	2	1	
2	0	1	317.071	317.071	276	4	1	
3	3	1	317.281	317.281	279	6	1	
3	2	1	317.442	317.442	271	5	1	
3	1	1	317.634	317.634	275	4	1	
3	0	1	317.872	317.872	277	3	1	
3	0	1	318.184	318.184	276	2	1	
3	0	1	318.637	318.637	280	1	1	
0	0	2	319.466	319.466	0	0	1	
0	0	2	324.306	324.306	0	0	1	
1	0	1	326.506	326.506	281	0	1	
2	0	1	327.929	327.929	281	0	1	
3	1	1	328.577	328.577	284	2	1	
3	0	1	328.91	328.91	281	1	1	
1	0	1	329.41	329.41	282	0	1	
2	0	1	330.41	330.41	283	0	1	
3	1	1	330.952	330.952	286	2	1	
2	1	1	331.256	331.256	285	1	1	
3	2	1	331.691	331.691	287	3	1	
3	0	1	331.958	331.958	283	2	1	
3	0	1	332.321	332.321	285	1	1	
2	0	1	332.892	332.892	282	0	1	
3	1	1	334.221	334.221	288	2	1	
3	0	1	334.674	334.674	282	1	1	
0	0	2	335.503	335.503	0	0	1	
0	0	2	340.343	340.343	0	0	1	
0	0	2	342.543	342.543	0	0	1	
1	0	1	343.967	343.967	289	0	1	
2	1	1	345.019	345.019	292	0	1	
2	0	1	345.577	345.577	289	2	1	
3	0	1	345.884	345.884	292	4	1	
3	2	1	346.097	346.097	294	3	1	
3	0	1	346.367	346.367	293	2	1	
0	0	2	346.737	346.737	0	1	1	
1	0	1	347.325	347.325	290	1	1	
2	1	1	347.837	347.837	296	1	1	
3	2	1	348.195	348.195	297	3	1	
3	1	1	348.431	348.431	296	2	1	
2	0	1	348.739	348.739	290	1	1	
3	1	1	349.183	349.183	290	3	1	
3	0	1	349.454	349.454	289	2	1	
1	0	1	349.824	349.824	291	1	1	
2	0	0	350.411	350.411	291	1	1	
2	0	1	350.804	350.804	291	1	1	
3	1	1	351.127	351.127	291	3	1	
1	0	1	351.347	351.347	295	2	1	
3	0	1	351.629	351.629	298	2	1	
2	3	1	351.857	351.857	302	1	1	
2	0	1	352.152	352.152	299	3	1	
3	1	1	352.359	352.359	302	5	1	
3	2	1	352.518	352.518	299	4	1	
3	2	1	352.706	352.706	304	3	1	
3	1	1	352.939	352.939	303	2	1	
2	1	1	353.242	353.242	295	1	1	
3	1	1	353.678	353.678	295	3	1	
2	0	1	353.944	353.944	300	2	1	
3	0	1	354.308	354.308	301	4	1	
3	0	1	354.545	354.545	305	3	1	
3	1	1	354.857	354.857	306	2	1	
3	0	1	355.31	355.31	300	1	1	
0	0	2	356.139	356.139	0	0	1	
1	0	1	360.979	360.979	307	0	1	
2	1	1	363.179	363.179	308	0	1	
2	0	1	363.95	363.95	307	2	1	
3	2	1	364.313	364.313	307	4	1	
3	2	1	364.551	364.551	310	3	1	
3	0	1	364.863	364.863	308	2	1	
3	0	1	365.316	365.316	309	1	1	
0	0	2	366.145	366.145	0	0	1	
0	0	2	370.985	370.985	0	0	1	
1	1	1	373.185	373.185	312	0	1	
2	0	1	374.608	374.608	312	0	1	
3	0	1	375.255	375.255	312	2	1	
2	0	1	375.589	375.589	313	1	1	
1	0	1	376.089	376.089	311	3	1	
2	0	1	376.378	376.378	311	3	1	
3	0	1	376.611	376.611	314	5	1	
3	2	1	376.785	376.785	311	4	1	
3	2	1	376.995	376.995	317	3	1	
3	1	1	377.262	377.262	315	2	1	
3	0	1	377.625	377.625	313	1	1	
2	0	1	378.196	378.196	316	0	1	
3	0	1	379.525	379.525	316	2	1	
3	0	1	379.978	379.978	318	1	1	
0	0	2	380.807	380.807	0	0	1	
1	0	1	385.647	385.647	319	0	1	
2	1	0	387.847	387.847	320	0	1	
2	2	1	388.618	388.618	321	0	1	
3	0	1	389.161	389.161	321	2	1	
3	0	1	389.464	389.464	322	1	1	
2	0	1	389.899	389.899	319	0	1	
2	0	1	390.67	390.67	320	2	1	
3	0	1	391.033	391.033	319	4	1	
3	2	1	391.271	391.271	324	3	1	
3	1	1	391.583	391.583	320	2	1	
3	0	1	392.036	392.036	323	1	1	
0	0	2	392.865	392.865	0	0	1	
1	0	1	397.705	397.705	325	0	1	
2	0	1	399.905	399.905	325	0	1	
3	1	1	400.675	400.675	327	2	1	
3	0	1	401.039	401.039	325	1	1	
2	0	1	401.609	401.609	326	0	1	
3	1	1	402.939	402.939	328	2	1	
3	0	1	403.392	403.392	326	1	1	
0	0	2	404.221	404.221	0	0	1	
0	0	2	409.061	409.061	0	0	1	
0	0	2	411.261	411.261	0	0	1	
0	0	2	412.685	412.685	0	0	1	
1	2	1	413.737	413.737	331	0	1	
2	0	1	414.571	414.571	331	0	1	
3	1	1	415.061	415.061	334	2	1	
3	0	1	415.347	415.347	331	1	1	
1	0	1	415.748	415.748	329	0	1	
2	0	1	416.416	416.416	333	0	1	
3	0	1	416.844	416.844	333	2	1	
2	1	0	417.108	417.108	335	1	1	
2	0	1	417.466	417.466	329	1	1	
1	1	1	417.765	417.765	332	3	1	
3	2	1	417.974	417.974	338	3	1	
3	1	1	418.151	418.151	329	2	1	
2	2	0	418.367	418.367	332	1	1	
2	4	1	418.642	418.642	340	1	1	
1	0	1	418.881	418.881	330	3	1	
2	0	1	419.058	419.058	335	3	1	
3	0	1	419.213	419.213	336	5	1	
3	1	1	419.339	419.339	341	4	1	
2	1	1	419.483	419.483	332	3	1	
3	4	1	419.651	419.651	344	5	1	
2	2	1	419.787	419.787	330	4	1	
3	0	1	419.943	419.943	340	6	1	
2	0	1	420.071	420.071	337	5	1	
3	1	1	420.217	420.217	343	7	1	
3	1	1	420.337	420.337	332	6	1	
3	1	1	420.475	420.475	330	5	1	
2	1	1	420.633	420.633	342	4	1	
3	2	1	420.822	420.822	337	6	1	
3	4	1	420.97	420.97	347	5	1	
2	0	1	421.144	421.144	339	4	1	
3	3	1	421.354	421.354	342	6	1	
3	4	1	421.516	421.516	348	5	1	
3	3	1	421.708	421.708	339	4	1	
3	0	1	421.945	421.945	335	3	1	
3	0	1	422.257	422.257	345	2	1	
3	0	1	422.71	422.71	346	1	1	
0	0	2	423.539	423.539	0	0	1	
0	0	2	428.379	428.379	0	0	1	
1	1	1	430.579	430.579	350	0	1	
2	0	1	432.003	432.003	350	0	1	
3	0	1	432.65	432.65	350	2	1	
0	0	2	432.983	432.983	0	1	1	
2	0	1	433.483	433.483	351	1	1	
3	0	1	433.928	433.928	352	3	1	
1	0	1	434.198	434.198	349	2	1	
3	1	1	434.568	434.568	354	2	1	
2	0	1	434.85	434.85	349	1	1	
3	0	1	435.243	435.243	351	3	1	
3	0	1	435.493	435.493	349	2	1	
0	0	2	435.826	435.826	0	1	1	
0	0	2	436.326	436.326	0	1	1	
1	2	1	436.771	436.771	358	1	1	
0	0	2	437.172	437.172	0	1	1	
0	0	2	437.471	437.471	0	1	1	
0	0	2	437.75	437.75	0	1	1	
3	0	1	438.011	438.011	356	1	1	
1	0	1	438.256	438.256	353	0	1	
1	3	1	438.58	438.58	362	0	1	
2	4	1	438.835	438.835	363	0	1	
2	1	1	439.045	439.045	358	2	1	
3	0	1	439.205	439.205	363	4	1	
2	3	1	439.336	439.336	362	3	1	
3	4	1	439.485	439.485	367	5	1	
1	0	1	439.608	439.608	357	4	1	
3	2	1	439.749	439.749	366	4	1	
3	1	1	439.874	439.874	358	3	1	
2	4	1	440.017	440.017	357	2	1	
3	1	1	440.185	440.185	362	4	1	
3	0	1	440.319	440.319	365	3	1	
0	0	2	440.475	440.475	0	2	1	
3	1	1	440.659	440.659	369	2	1	
2	0	1	440.835	440.835	355	1	1	
3	0	1	441.049	441.049	357	3	1	
2	0	0	441.212	441.212	359	2	1	
2	0	1	441.407	441.407	359	2	1	
2	2	1	441.583	441.583	368	4	1	
1	0	1	441.723	441.723	360	6	1	
2	0	1	441.84	441.84	353	6	1	
3	0	1	441.946	441.946	355	8	1	
3	6	1	442.038	442.038	376	7	1	
3	4	1	442.139	442.139	374	6	1	
3	1	1	442.251	442.251	359	5	1	
2	2	1	442.378	442.378	360	4	1	
1	0	0	442.523	442.523	361	6	1	
3	4	1	442.643	442.643	360	6	1	
3	1	1	442.76	442.76	373	5	1	
3	0	1	442.892	442.892	371	4	1	
3	0	1	443.043	443.043	368	3	1	
1	0	1	443.222	443.222	361	2	1	
2	1	1	443.44	443.44	372	2	1	
2	0	1	443.625	443.625	364	4	1	
3	2	1	443.77	443.77	372	6	1	
1	1	1	443.89	443.89	378	5	1	
3	4	1	444.026	444.026	381	5	1	
3	0	1	444.148	444.148	353	4	1	
2	4	1	444.287	444.287	382	3	1	
3	0	1	444.449	444.449	377	5	1	
3	2	1	444.58	444.58	382	4	1	
2	3	1	444.731	444.731	378	3	1	
2	1	1	444.908	444.908	361	5	1	
3	4	1	445.049	445.049	384	7	1	
3	4	1	445.166	445.166	361	6	1	
3	2	1	445.299	445.299	383	5	1	
2	0	1	445.452	445.452	375	4	1	
3	4	1	445.632	445.632	375	6	1	
3	2	1	445.775	445.775	378	5	1	
3	3	1	445.941	445.941	386	4	1	
3	2	1	446.141	446.141	385	3	1	
3	0	1	446.391	446.391	380	2	1	
3	0	1	446.725	446.725	364	1	1	
1	0	1	447.225	447.225	370	0	1	
0	0	2	448.225	448.225	0	0	1	
2	0	1	448.767	448.767	379	0	1	
2	1	1	449.246	449.246	387	2	1	
3	2	1	449.528	449.528	387	4	1	
3	2	1	449.728	449.728	390	3	1	
3	1	1	449.978	449.978	389	2	1	
3	0	1	450.311	450.311	379	1	1	
0	0	2	450.811	450.811	0	0	1	
2	0	1	451.811	451.811	370	0	1	
3	1	1	452.612	452.612	392	2	1	
1	1	1	452.982	452.982	391	1	1	
2	0	1	453.57	453.57	391	1	1	
3	0	1	453.963	453.963	370	3	1	
3	1	1	454.213	454.213	394	2	1	
3	0	1	454.546	454.546	391	1	1	
2	0	1	455.046	455.046	393	0	1	
3	1	1	456.046	456.046	395	2	1	
3	0	1	456.453	456.453	393	1	1	
1	0	1	457.141	457.141	388	0	1	
2	0	0	459.341	459.341	388	0	1	
2	0	1	460.112	460.112	388	0	1	
3	1	1	460.654	460.654	398	2	1	
2	1	1	460.957	460.957	397	1	1	
3	0	1	461.393	461.393	388	3	1	
3	1	1	461.659	461.659	399	2	1	
0	0	2	462.023	462.023	0	1	1	
3	0	1	462.593	462.593	397	1	1	
2	0	1	463.093	463.093	396	0	1	
3	0	1	464.093	464.093	396	2	1	
3	0	1	464.501	464.501	401	1	1	
0	0	2	465.188	465.188	0	0	1	
0	0	2	467.388	467.388	0	0	1	
1	2	1	468.812	468.812	403	0	1	
1	1	1	469.864	469.864	402	0	1	
2	3	1	470.422	470.422	405	0	1	
2	2	0	470.801	470.801	402	2	1	
3	0	1	471.045	471.045	405	2	1	
3	0	1	471.261	471.261	406	1	1	
2	0	1	471.536	471.536	403	0	1	
3	0	1	471.915	471.915	403	2	1	
2	0	1	472.16	472.16	404	1	1	
3	1	1	472.483	472.483	404	3	1	
3	1	1	472.703	472.703	409	2	1	
3	0	1	472.985	472.985	408	1	1	
2	1	1	473.378	473.378	407	0	1	
3	0	1	474.025	474.025	407	2	1	
2	0	1	474.359	474.359	402	1	1	
3	2	1	474.859	474.859	411	3	1	
3	0	1	475.148	475.148	410	2	1	
3	0	1	475.555	475.555	402	1	1	
1	0	1	476.243	476.243	400	0	1	
2	0	1	478.443	478.443	400	0	1	
3	1	1	479.214	479.214	413	2	1	
2	0	1	479.577	479.577	412	1	1	
0	0	2	480.148	480.148	0	3	1	
3	2	1	480.46	480.46	414	3	1	
1	0	1	480.749	480.749	415	2	1	
3	0	1	481.156	481.156	400	2	1	
0	0	2	481.46	481.46	0	1	1	
2	1	1	481.895	481.895	416	1	1	
3	1	1	482.288	482.288	416	3	1	
3	1	1	482.538	482.538	418	2	1	
2	0	1	482.871	482.871	415	1	1	
3	2	1	483.371	483.371	419	3	1	
3	1	1	483.661	483.661	415	2	1	
0	0	2	484.068	484.068	0	1	1	
3	0	1	484.756	484.756	412	1	1	
1	1	0	485.343	485.343	420	0	1	
0	0	2	486.766	486.766	0	0	1	
1	1	1	487.819	487.819	420	0	1	
0	0	2	488.653	488.653	0	0	1	
1	1	1	489.143	489.143	421	0	1	
0	0	2	489.58	489.58	0	0	1	
2	1	1	489.899	489.899	423	0	1	
3	1	1	490.195	490.195	427	2	1	
2	1	1	490.402	490.402	421	1	1	
0	0	2	490.663	490.663	0	3	1	
3	2	1	490.852	490.852	428	3	1	
3	1	1	491.032	491.032	421	2	1	
3	0	1	491.253	491.253	423	1	1	
2	1	1	491.535	491.535	425	0	1	
3	1	1	491.929	491.929	430	2	1	
1	3	1	492.18	492.18	426	1	1	
2	0	1	492.514	492.514	420	1	1	
1	2	1	492.775	492.775	424	3	1	
2	3	1	492.964	492.964	433	3	1	
3	3	1	493.127	493.127	433	5	1	
1	0	1	493.259	493.259	417	4	1	
2	4	0	493.411	493.411	435	4	1	
3	3	1	493.545	493.545	434	4	1	
2	4	1	493.671	493.671	435	3	1	
3	0	1	493.814	493.814	425	5	1	
2	3	1	493.933	493.933	417	4	1	
3	0	1	494.067	494.067	420	6	1	
3	0	1	494.18	494.18	432	5	1	
2	2	1	494.307	494.307	424	4	1	
3	0	1	494.452	494.452	435	6	1	
2	0	1	494.572	494.572	426	5	1	
3	5	1	494.708	494.708	426	7	1	
3	0	1	494.822	494.822	437	6	1	
1	0	0	494.95	494.95	422	5	1	
3	1	1	495.097	495.097	438	5	1	
2	0	1	495.239	495.239	431	4	1	
2	0	1	495.405	495.405	436	6	1	
3	5	1	495.538	495.538	442	8	1	
3	3	1	495.65	495.65	440	7	1	
3	0	1	495.776	495.776	417	6	1	
1	0	1	495.92	495.92	422	5	1	
3	2	1	496.088	496.088	431	5	1	
3	0	1	496.235	496.235	424	4	1	
3	1	1	496.408	496.408	436	3	1	
1	1	1	496.616	496.616	441	2	1	
3	0	1	496.88	496.88	439	2	1	
2	1	1	497.096	497.096	444	1	1	
3	1	1	497.371	497.371	444	3	1	
3	0	1	497.567	497.567	443	2	1	
2	1	1	497.811	497.811	441	1	1	
2	1	1	498.135	498.135	445	3	1	
1	0	1	498.355	498.355	429	5	1	
2	2	1	498.522	498.522	449	5	1	
3	6	1	498.668	498.668	450	7	1	
3	1	1	498.788	498.788	441	6	1	
2	0	1	498.925	498.925	422	5	1	
3	0	1	499.084	499.084	446	7	1	
3	1	1	499.213	499.213	445	6	1	
2	0	1	499.361	499.361	429	5	1	
3	2	1	499.535	499.535	449	7	1	
3	3	1	499.674	499.674	451	6	1	
3	3	1	499.835	499.835	429	5	1	
3	1	1	500.027	500.027	448	4	1	
3	2	1	500.265	500.265	452	3	1	
3	0	1	500.577	500.577	447	2	1	
3	0	1	501.03	501.03	422	1	1	
0	0	2	501.859	501.859	0	0	1	
0	0	2	506.699	506.699	0	0	1	
1	0	1	508.899	508.899	453	0	1	
2	0	1	510.322	510.322	453	0	1	
3	0	1	510.969	510.969	453	2	1	
2	0	1	511.302	511.302	455	1	1	
3	0	1	511.802	511.802	456	3	1	
1	0	1	512.092	512.092	454	2	1	
3	0	1	512.499	512.499	455	2	1	
3	0	1	512.803	512.803	457	1	1	
2	1	0	513.238	513.238	458	0	1	
0	0	2	514.009	514.009	0	0	1	
2	1	1	514.551	514.551	458	0	1	
3	0	1	515.029	515.029	458	2	1	
3	0	1	515.311	515.311	461	1	1	
2	1	1	515.704	515.704	459	0	1	
3	0	1	516.351	516.351	459	2	1	
3	0	1	516.685	516.685	462	1	1	
0	0	2	517.185	517.185	0	0	1	
2	0	1	518.185	518.185	454	0	1	
3	1	1	518.986	518.986	464	2	1	
3	0	1	519.356	519.356	454	1	1	
1	1	1	519.943	519.943	463	0	1	
2	1	1	521.367	521.367	465	0	1	
2	0	1	522.014	522.014	463	2	1	
3	3	1	522.347	522.347	467	4	1	
3	0	1	522.572	522.572	465	3	1	
3	0	1	522.861	522.861	466	2	1	
3	0	1	523.269	523.269	463	1	1	
1	0	1	523.956	523.956	460	0	1	
2	0	1	526.156	526.156	460	0	1	
3	0	1	526.927	526.927	460	2	1	
0	0	2	527.29	527.29	0	1	1	
3	0	1	527.861	527.861	469	1	1	
2	0	0	528.361	528.361	468	0	1	
1	0	0	529.361	529.361	470	0	1	
0	0	2	530.008	530.008	0	0	1	
2	1	1	530.566	530.566	471	0	1	
3	1	1	531.056	531.056	474	2	1	
3	0	1	531.342	531.342	471	1	1	
1	1	1	531.742	531.742	472	0	1	
2	0	1	532.411	532.411	468	0	1	
2	0	1	532.838	532.838	472	2	1	
1	1	0	533.102	533.102	473	4	1	
3	2	1	533.293	533.293	472	4	1	
1	1	1	533.474	533.474	473	3	1	
3	1	1	533.697	533.697	476	3	1	
2	0	1	533.884	533.884	475	2	1	
2	0	1	534.115	534.115	473	4	1	
1	0	1	534.287	534.287	470	6	1	
3	3	1	534.425	534.425	480	6	1	
2	0	1	534.549	534.549	479	5	1	
2	0	1	534.69	534.69	470	7	1	
3	8	1	534.807	534.807	484	9	1	
3	2	1	534.907	534.907	475	8	1	
3	5	1	535.018	535.018	483	7	1	
3	4	1	535.143	535.143	479	6	1	
3	3	1	535.286	535.286	481	5	1	
3	0	1	535.453	535.453	468	4	1	
2	0	1	535.653	535.653	482	3	1	
3	3	1	535.903	535.903	482	5	1	
3	1	1	536.086	536.086	473	4	1	
1	0	1	536.31	536.31	478	3	1	
3	2	1	536.6	536.6	485	3	1	
3	0	1	536.833	536.833	477	2	1	
3	0	1	537.136	537.136	470	1	1	
2	1	1	537.571	537.571	486	0	1	
2	0	1	538.342	538.342	478	2	1	
3	0	1	538.705	538.705	486	4	1	
3	2	1	538.943	538.943	488	3	1	
3	0	1	539.255	539.255	487	2	1	
3	0	1	539.708	539.708	478	1	1	
0	0	2	540.537	540.537	0	0	1	
0	0	2	545.377	545.377	0	0	1	
1	0	1	547.577	547.577	489	0	1	
0	0	2	549	549	0	0	1	
2	1	1	549.647	549.647	491	0	1	
3	0	1	550.205	550.205	491	2	1	
3	0	1	550.513	550.513	493	1	1	
0	0	2	550.958	550.958	0	0	1	
0	0	2	551.759	551.759	0	0	1	
2	0	1	552.427	552.427	489	0	1	
3	1	1	553.001	553.001	496	2	1	
0	0	2	553.314	553.314	0	1	1	
1	1	1	553.768	553.768	492	1	1	
2	1	1	554.177	554.177	498	1	1	
2	0	0	554.481	554.481	492	3	1	
2	1	1	554.692	554.692	500	3	1	
3	4	1	554.881	554.881	501	5	1	
3	3	1	555.029	555.029	500	4	1	
2	0	1	555.203	555.203	492	3	1	
3	2	1	555.414	555.414	499	5	1	
3	0	1	555.576	555.576	489	4	1	
3	1	1	555.768	555.768	492	3	1	
1	2	1	556.006	556.006	495	2	1	
3	0	1	556.319	556.319	498	2	1	
2	1	1	556.566	556.566	503	1	1	
3	2	1	556.895	556.895	504	3	1	
3	0	1	557.117	557.117	502	2	1	
1	1	1	557.404	557.404	494	1	1	
2	1	1	557.804	557.804	494	1	1	
3	0	1	558.104	558.104	503	3	1	
2	1	1	558.312	558.312	505	2	1	
3	0	1	558.576	558.576	494	4	1	
3	2	1	558.766	558.766	507	3	1	
0	0	2	559.002	559.002	0	2	1	
1	0	1	559.31	559.31	490	2	1	
3	0	1	559.596	559.596	506	2	1	
1	0	1	559.826	559.826	497	1	1	
2	4	1	560.126	560.126	510	1	1	
3	1	1	560.365	560.365	510	3	1	
3	1	1	560.542	560.542	511	2	1	
3	0	1	560.758	560.758	505	1	1	
1	0	1	561.033	561.033	508	0	1	
2	1	1	561.412	561.412	490	0	1	
3	1	1	561.7	561.7	513	2	1	
2	3	0	561.902	561.902	508	1	1	
2	2	1	562.157	562.157	497	1	1	
3	1	1	562.38	562.38	497	3	1	
3	0	1	562.548	562.548	490	2	1	
2	1	1	562.751	562.751	509	1	1	
3	0	1	563.005	563.005	515	3	1	
3	0	1	563.191	563.191	509	2	1	
3	0	1	563.419	563.419	516	1	1	
2	3	1	563.714	563.714	514	0	1	
2	2	1	564.133	564.133	512	2	1	
3	2	1	564.393	564.393	512	4	1	
3	0	1	564.582	564.582	514	3	1	
0	0	2	564.814	564.814	0	2	1	
2	1	1	565.118	565.118	508	2	1	
3	3	1	565.4	565.4	520	4	1	
1	0	1	565.6	565.6	519	3	1	
3	1	1	565.85	565.85	518	3	1	
3	0	1	566.056	566.056	517	2	1	
2	2	1	566.316	566.316	521	1	1	
2	1	1	566.668	566.668	519	3	1	
3	4	1	566.901	566.901	523	5	1	
3	1	1	567.075	567.075	521	4	1	
3	0	1	567.285	567.285	508	3	1	
3	1	1	567.552	567.552	519	2	1	
2	0	1	567.915	567.915	495	1	1	
3	1	1	568.486	568.486	495	3	1	
3	1	1	568.797	568.797	524	2	1	
3	0	1	569.251	569.251	522	1	1	
0	0	2	570.079	570.079	0	0	1	
0	0	2	574.919	574.919	0	0	1	
1	1	1	577.119	577.119	526	0	1	
2	1	0	578.543	578.543	527	0	1	
2	0	1	579.19	579.19	526	0	1	
3	0	1	579.668	579.668	526	2	1	
3	0	1	579.95	579.95	529	1	1	
2	1	1	580.343	580.343	528	0	1	
3	0	1	580.99	580.99	528	2	1	
3	0	1	581.324	581.324	530	1	1	
2	0	1	581.824	581.824	527	0	1	
3	1	1	582.824	582.824	531	2	1	
3	0	1	583.231	583.231	527	1	1	
0	0	2	583.918	583.918	0	0	1	
1	0	1	586.118	586.118	525	0	1	
2	0	1	587.542	587.542	525	0	1	
3	0	1	588.189	588.189	525	2	1	
1	0	1	588.522	588.522	532	1	1	
2	2	1	589.022	589.022	535	1	1	
3	1	1	589.374	589.374	535	3	1	
3	0	1	589.607	589.607	534	2	1	
2	1	1	589.91	589.91	532	1	1	
3	0	1	590.345	590.345	536	3	1	
2	0	1	590.612	590.612	533	2	1	
3	2	1	590.975	590.975	533	4	1	
3	2	1	591.213	591.213	538	3	1	
0	0	2	591.525	591.525	0	2	1	
3	1	1	591.978	591.978	537	2	1	
1	0	1	592.385	592.385	539	1	1	
2	0	1	593.073	593.073	539	1	1	
3	1	1	593.508	593.508	539	3	1	
3	0	1	593.775	593.775	532	2	1	
2	0	1	594.138	594.138	540	1	1	
3	0	1	594.709	594.709	541	3	1	
3	1	1	595.021	595.021	542	2	1	
3	0	1	595.474	595.474	540	1	1	
0	0	2	596.303	596.303	0	0	1	
1	0	1	601.143	601.143	543	0	1	
2	0	1	603.343	603.343	543	0	1	
3	1	1	604.113	604.113	545	2	1	
3	0	1	604.477	604.477	543	1	1	
2	0	1	605.047	605.047	544	0	1	
3	0	1	606.377	606.377	544	2	1	
3	0	1	606.83	606.83	546	1	1	
0	0	2	607.659	607.659	0	0	1	
0	0	2	612.499	612.499	0	0	1	
1	1	0	614.699	614.699	548	0	1	
1	1	1	616.123	616.123	548	0	1	
2	1	1	617.175	617.175	550	0	1	
3	0	1	617.732	617.732	550	2	1	
3	0	1	618.04	618.04	551	1	1	
1	0	1	618.485	618.485	547	0	1	
2	2	1	619.286	619.286	552	0	1	
2	0	1	619.765	619.765	548	2	1	
3	0	1	620.047	620.047	552	4	1	
3	1	1	620.247	620.247	548	3	1	
1	0	1	620.497	620.497	549	2	1	
2	2	1	620.83	620.83	555	2	1	
3	2	1	621.09	621.09	555	4	1	
3	0	1	621.279	621.279	553	3	1	
2	1	1	621.512	621.512	549	2	1	
3	1	1	621.815	621.815	556	4	1	
3	1	1	622.025	622.025	549	3	1	
3	0	1	622.292	622.292	554	2	1	
2	0	1	622.655	622.655	547	1	1	
3	2	1	623.226	623.226	558	3	1	
3	0	1	623.538	623.538	557	2	1	
3	0	1	623.991	623.991	547	1	1	
0	0	2	624.82	624.82	0	0	1	
1	0	1	629.66	629.66	559	0	1	
2	1	1	631.86	631.86	560	0	1	
2	0	1	632.631	632.631	559	2	1	
3	2	1	632.994	632.994	559	4	1	
3	2	1	633.232	633.232	562	3	1	
3	0	1	633.544	633.544	560	2	1	
0	0	2	633.997	633.997	0	1	1	
3	0	1	634.825	634.825	561	1	1	
1	0	1	635.513	635.513	563	0	1	
0	0	2	637.713	637.713	0	0	1	
2	0	1	638.484	638.484	563	0	1	
3	0	1	639.131	639.131	563	2	1	
3	0	1	639.464	639.464	566	1	1	
2	0	1	639.964	639.964	564	0	1	
1	0	1	640.964	640.964	565	2	1	
3	0	1	641.371	641.371	564	2	1	
3	0	1	641.675	641.675	567	1	1	
2	0	1	642.11	642.11	565	0	1	
3	0	1	642.881	642.881	565	2	1	
2	0	0	643.244	643.244	568	1	1	
2	1	1	643.815	643.815	570	1	1	
3	2	1	644.25	644.25	571	3	1	
3	0	1	644.517	644.517	569	2	1	
3	0	1	644.88	644.88	570	1	1	
0	0	2	645.451	645.451	0	0	1	
2	0	1	646.78	646.78	568	0	1	
3	1	1	647.78	647.78	573	2	1	
3	0	1	648.188	648.188	568	1	1	
1	0	1	648.875	648.875	572	0	1	
2	0	1	651.075	651.075	572	0	1	
2	0	1	651.846	651.846	574	2	1	
3	0	1	652.209	652.209	572	4	1	
3	0	1	652.447	652.447	575	3	1	
0	0	2	652.759	652.759	0	2	1	
1	0	1	653.212	653.212	577	2	1	
3	1	1	653.619	653.619	576	2	1	
3	0	1	653.923	653.923	574	1	1	
2	0	1	654.358	654.358	577	0	1	
2	0	1	655.129	655.129	578	2	1	
3	1	1	655.492	655.492	579	4	1	
3	0	1	655.73	655.73	577	3	1	
3	0	1	656.042	656.042	578	2	1	
3	0	1	656.495	656.495	580	1	1	
0	0	2	657.324	657.324	0	0	1	
1	0	1	662.164	662.164	581	0	1	
2	1	1	664.364	664.364	582	0	1	
2	0	1	665.134	665.134	581	2	1	
3	3	1	665.498	665.498	584	4	1	
3	1	1	665.735	665.735	583	3	1	
3	1	1	666.047	666.047	581	2	1	
0	0	2	666.5	666.5	0	1	1	
0	0	2	667.329	667.329	0	1	1	
3	0	1	668.017	668.017	582	1	1	
1	0	1	668.604	668.604	585	0	1	
0	0	2	670.028	670.028	0	0	1	
1	0	1	670.675	670.675	586	0	1	
2	2	1	671.232	671.232	586	0	1	
3	1	1	671.612	671.612	590	2	1	
3	0	1	671.856	671.856	586	1	1	
2	0	1	672.18	672.18	585	0	1	
2	0	1	672.658	672.658	587	2	1	
0	0	2	672.94	672.94	0	4	1	
3	3	1	673.14	673.14	592	4	1	
2	0	1	673.33	673.33	589	3	1	
3	4	1	673.566	673.566	594	5	1	
3	2	1	673.741	673.741	587	4	1	
3	2	1	673.954	673.954	589	3	1	
3	1	1	674.224	674.224	591	2	1	
1	0	1	674.594	674.594	588	1	1	
2	0	1	675.181	675.181	588	1	1	
3	2	1	675.574	675.574	596	3	1	
2	0	1	675.824	675.824	595	2	1	
3	1	1	676.158	676.158	588	4	1	
3	2	1	676.382	676.382	597	3	1	
3	1	1	676.671	676.671	595	2	1	
3	0	1	677.079	677.079	585	1	1	
1	0	1	677.766	677.766	593	0	1	
2	1	1	679.966	679.966	598	0	1	
3	1	1	680.737	680.737	599	2	1	
3	0	1	681.1	681.1	598	1	1	
2	0	1	681.671	681.671	593	0	1	
3	0	1	683.001	683.001	593	2	1	
3	0	1	683.454	683.454	600	1	1	
0	0	2	684.283	684.283	0	0	1	
0	0	2	689.123	689.123	0	0	1	
0	0	2	691.323	691.323	0	0	1	
1	2	1	692.746	692.746	603	0	1	
2	0	1	693.799	693.799	603	0	1	
3	0	1	694.356	694.356	603	2	1	
1	0	1	694.664	694.664	601	1	1	
3	0	1	695.109	695.109	605	1	1	
2	1	1	695.432	695.432	601	0	1	
3	0	1	695.911	695.911	601	2	1	
2	1	1	696.193	696.193	606	1	1	
3	1	1	696.586	696.586	606	3	1	
3	0	1	696.836	696.836	607	2	1	
3	0	1	697.169	697.169	608	1	1	
2	0	1	697.669	697.669	604	0	1	
3	0	1	698.669	698.669	604	2	1	
1	0	1	699.076	699.076	602	1	1	
2	0	1	699.764	699.764	602	1	1	
0	0	2	700.199	700.199	0	3	1	
3	2	1	700.466	700.466	611	3	1	
3	1	1	700.716	700.716	602	2	1	
3	0	1	701.049	701.049	609	1	1	
2	0	1	701.549	701.549	610	0	1	
3	0	1	702.549	702.549	610	2	1	
0	0	2	702.956	702.956	0	1	1	
3	0	1	703.644	703.644	613	1	1	
0	0	2	704.231	704.231	0	0	1	
0	0	2	705.655	705.655	0	0	1	
1	3	1	706.707	706.707	616	0	1	
0	0	2	707.541	707.541	0	0	1	
2	0	1	708.031	708.031	616	0	1	
3	0	1	708.468	708.468	616	2	1	
2	0	1	708.735	708.735	617	1	1	
3	2	1	709.1	709.1	620	3	1	
3	0	1	709.338	709.338	619	2	1	
3	0	1	709.651	709.651	617	1	1	
1	3	1	710.105	710.105	618	0	1	
1	1	0	710.94	710.94	614	0	1	
2	0	1	711.43	711.43	618	0	1	
3	1	1	711.867	711.867	623	2	1	
0	0	2	712.134	712.134	0	1	1	
1	1	1	712.498	712.498	614	1	1	
2	0	1	712.832	712.832	621	1	1	
3	1	1	713.093	713.093	621	3	1	
2	1	1	713.282	713.282	625	2	1	
3	2	1	713.515	713.515	625	4	1	
1	1	1	713.689	713.689	615	3	1	
1	2	1	713.9	713.9	624	3	1	
3	0	1	714.079	714.079	618	3	1	
2	1	0	714.235	714.235	615	2	1	
1	0	1	714.419	714.419	612	2	1	
2	5	1	714.586	714.586	630	2	1	
2	2	1	714.733	714.733	628	4	1	
2	1	1	714.854	714.854	615	6	1	
3	5	1	714.957	714.957	633	8	1	
3	2	1	715.046	715.046	630	7	1	
3	4	1	715.144	715.144	615	6	1	
3	3	1	715.253	715.253	628	5	1	
3	3	1	715.375	715.375	634	4	1	
3	1	1	715.515	715.515	627	3	1	
3	0	1	715.676	715.676	626	2	1	
2	0	1	715.869	715.869	614	1	1	
2	2	1	716.109	716.109	612	3	1	
3	2	1	716.286	716.286	635	5	1	
2	2	1	716.427	716.427	631	4	1	
3	2	1	716.591	716.591	612	6	1	
3	2	1	716.724	716.724	636	5	1	
3	2	1	716.877	716.877	631	4	1	
2	0	0	717.057	717.057	624	3	1	
3	1	1	717.277	717.277	614	3	1	
3	0	1	717.473	717.473	632	2	1	
3	0	1	717.718	717.718	637	1	1	
2	0	1	718.041	718.041	624	0	1	
3	0	1	718.519	718.519	624	2	1	
2	0	1	718.802	718.802	629	1	1	
3	0	1	719.194	719.194	639	3	1	
2	0	1	719.444	719.444	638	2	1	
3	1	1	719.778	719.778	640	4	1	
3	2	1	720.002	720.002	641	3	1	
3	0	1	720.292	720.292	629	2	1	
3	0	1	720.699	720.699	638	1	1	
1	0	1	721.387	721.387	622	0	1	
2	0	0	723.587	723.587	622	0	1	
2	1	1	724.357	724.357	642	0	1	
3	0	1	724.9	724.9	642	2	1	
0	0	2	725.203	725.203	0	1	1	
3	0	1	725.638	725.638	644	1	1	
2	1	1	726.031	726.031	643	0	1	
3	1	1	726.678	726.678	646	2	1	
3	0	1	727.012	727.012	643	1	1	
0	0	2	727.512	727.512	0	0	1	
0	0	2	728.512	728.512	0	0	1	
0	0	2	729.313	729.313	0	0	1	
2	0	1	729.982	729.982	622	0	1	
3	1	1	730.555	730.555	650	2	1	
3	0	1	730.868	730.868	622	1	1	
1	3	1	731.323	731.323	649	0	1	
1	2	1	732.157	732.157	648	0	1	
2	2	1	732.647	732.647	648	0	1	
2	2	1	732.994	732.994	652	2	1	
3	3	1	733.224	733.224	654	4	1	
2	0	1	733.397	733.397	649	3	1	
3	3	1	733.605	733.605	649	5	1	
3	0	1	733.765	733.765	648	4	1	
1	0	1	733.956	733.956	645	3	1	
3	0	1	734.191	734.191	653	3	1	
3	1	1	734.388	734.388	655	2	1	
1	0	1	734.632	734.632	647	1	1	
3	0	1	734.956	734.956	652	1	1	
2	3	1	735.21	735.21	647	0	1	
2	1	0	735.551	735.551	645	2	1	
3	0	1	735.779	735.779	647	2	1	
3	0	1	735.981	735.981	658	1	1	
2	0	1	736.236	736.236	651	0	1	
3	0	1	736.576	736.576	651	2	1	
2	3	1	736.804	736.804	659	1	1	
3	2	1	737.099	737.099	661	3	1	
0	0	2	737.306	737.306	0	2	1	
2	2	1	737.566	737.566	657	2	1	
3	1	1	737.81	737.81	659	4	1	
3	2	1	737.991	737.991	663	3	1	
2	0	1	738.211	738.211	645	2	1	
3	0	1	738.493	738.493	660	4	1	
3	2	1	738.693	738.693	664	3	1	
1	0	1	738.943	738.943	662	2	1	
3	1	1	739.276	739.276	645	2	1	
3	0	1	739.536	739.536	657	1	1	
2	0	1	739.888	739.888	656	0	1	
2	1	1	740.431	740.431	665	2	1	
3	1	1	740.734	740.734	666	4	1	
2	0	1	740.944	740.944	662	3	1	
3	1	1	741.211	741.211	665	5	1	
3	0	1	741.403	741.403	656	4	1	
3	1	1	741.641	741.641	662	3	1	
3	0	1	741.953	741.953	667	2	1	
3	0	1	742.406	742.406	668	1	1	
0	0	2	743.235	743.235	0	0	1	
1	0	1	748.075	748.075	669	0	1	
0	0	2	750.275	750.275	0	0	1	
2	1	1	751.045	751.045	670	0	1	
3	1	1	751.692	751.692	672	2	1	
0	0	2	752.026	752.026	0	1	1	
2	0	1	752.526	752.526	669	1	1	
1	0	1	752.971	752.971	671	3	1	
3	1	1	753.241	753.241	669	3	1	
3	1	1	753.461	753.461	674	2	1	
0	0	2	753.743	753.743	0	1	1	
3	0	1	754.136	754.136	670	1	1	
2	1	1	754.493	754.493	675	0	1	
0	0	2	755.051	755.051	0	2	1	
2	0	0	755.359	755.359	671	2	1	
3	0	1	755.645	755.645	675	2	1	
2	1	1	755.892	755.892	679	1	1	
0	0	2	756.221	756.221	0	3	1	
1	1	1	756.444	756.444	676	3	1	
1	1	1	756.655	756.655	678	3	1	
0	0	2	756.834	756.834	0	3	1	
3	1	1	756.989	756.989	679	3	1	
3	1	1	757.139	757.139	680	2	1	
1	2	1	757.315	757.315	684	1	1	
2	1	1	757.529	757.529	676	1	1	
2	4	0	757.71	757.71	684	3	1	
3	0	1	757.853	757.853	677	3	1	
3	0	1	757.986	757.986	676	2	1	
2	5	1	758.14	758.14	685	1	1	
2	5	0	758.321	758.321	687	3	1	
2	5	1	758.464	758.464	687	3	1	
3	4	1	758.597	758.597	690	5	1	
3	3	1	758.708	758.708	687	4	1	
2	5	0	758.834	758.834	689	3	1	
2	1	1	758.977	758.977	682	3	1	
2	4	1	759.11	759.11	689	5	1	
3	2	1	759.222	759.222	688	7	1	
3	5	1	759.317	759.317	693	6	1	
2	4	1	759.423	759.423	691	5	1	
2	2	1	759.542	759.542	683	7	1	
1	1	1	759.643	759.643	681	9	1	
3	6	1	759.731	759.731	694	9	1	
3	6	1	759.814	759.814	683	8	1	
3	3	1	759.903	759.903	692	7	1	
3	3	1	760.001	760.001	689	6	1	
2	3	1	760.11	760.11	681	5	1	
3	3	1	760.232	760.232	691	7	1	
3	4	1	760.336	760.336	681	6	1	
3	4	1	760.452	760.452	697	5	1	
3	0	1	760.583	760.583	686	4	1	
3	2	1	760.734	760.734	695	3	1	
2	2	1	760.911	760.911	684	2	1	
3	1	1	761.127	761.127	682	4	1	
3	0	1	761.291	761.291	685	3	1	
2	0	1	761.487	761.487	671	2	1	
3	0	1	761.732	761.732	684	4	1	
3	1	1	761.912	761.912	671	3	1	
2	1	1	762.132	762.132	696	2	1	
3	1	1	762.414	762.414	699	4	1	
2	0	1	762.614	762.614	678	3	1	
0	0	2	762.864	762.864	0	5	1	
3	1	1	763.047	763.047	696	5	1	
1	1	0	763.223	763.223	702	4	1	
3	3	1	763.435	763.435	701	4	1	
3	1	1	763.637	763.637	700	3	1	
1	0	1	763.891	763.891	673	2	1	
2	0	1	764.229	764.229	673	2	1	
2	0	1	764.493	764.493	704	4	1	
3	0	1	764.684	764.684	698	6	1	
3	3	1	764.833	764.833	704	5	1	
3	3	1	765.008	765.008	706	4	1	
3	2	1	765.221	765.221	705	3	1	
3	0	1	765.491	765.491	678	2	1	
3	0	1	765.861	765.861	673	1	1	
1	0	1	766.448	766.448	702	0	1	
1	0	1	767.872	767.872	703	0	1	
2	2	1	768.519	768.519	703	0	1	
3	1	1	768.938	768.938	709	2	1	
2	2	1	769.198	769.198	708	1	1	
3	0	1	769.55	769.55	703	3	1	
3	0	1	769.782	769.782	708	2	1	
2	0	1	770.086	770.086	702	1	1	
0	0	2	770.521	770.521	0	3	1	
1	0	1	770.787	770.787	712	3	1	
2	0	1	771.037	771.037	707	3	1	
2	1	1	771.244	771.244	713	5	1	
3	5	1	771.403	771.403	713	7	1	
3	0	1	771.532	771.532	710	6	1	
3	3	1	771.68	771.68	714	5	1	
3	0	1	771.854	771.854	702	4	1	
3	0	1	772.064	772.064	711	3	1	
2	0	1	772.331	772.331	712	2	1	
3	2	1	772.694	772.694	712	4	1	
3	1	1	772.932	772.932	715	3	1	
3	1	1	773.243	773.243	716	2	1	
3	0	1	773.697	773.697	707	1	1	
0	0	2	774.525	774.525	0	0	1	
1	0	1	779.365	779.365	717	0	1	
2	1	1	781.565	781.565	718	0	1	
2	0	1	782.336	782.336	717	2	1	
3	0	1	782.699	782.699	718	4	1	
0	0	2	782.937	782.937	0	3	1	
3	2	1	783.249	783.249	720	3	1	
3	1	1	783.539	783.539	717	2	1	
3	0	1	783.946	783.946	719	1	1	
0	0	2	784.633	784.633	0	0	1	
1	0	1	786.833	786.833	721	0	1	
2	1	1	788.257	788.257	723	0	1	
1	0	0	788.904	788.904	722	2	1	
2	0	1	789.237	789.237	721	2	1	
3	1	1	789.545	789.545	724	4	1	
3	0	1	789.758	789.758	723	3	1	
1	0	1	790.028	790.028	722	2	1	
3	1	1	790.398	790.398	726	2	1	
3	0	1	790.68	790.68	721	1	1	
2	1	1	791.073	791.073	727	0	1	
3	1	1	791.72	791.72	728	2	1	
3	0	1	792.053	792.053	727	1	1	
2	0	1	792.553	792.553	722	0	1	
3	1	1	793.553	793.553	729	2	1	
3	0	1	793.961	793.961	722	1	1	
1	0	1	794.648	794.648	725	0	1	
2	0	1	796.848	796.848	725	0	1	
3	0	1	797.619	797.619	725	2	1	
3	0	1	797.982	797.982	731	1	1	
2	0	1	798.553	798.553	730	0	1	
3	0	1	799.883	799.883	730	2	1	
0	0	2	800.336	800.336	0	1	1	
3	0	1	801.165	801.165	732	1	1	
0	0	2	801.852	801.852	0	0	1	
0	0	2	804.052	804.052	0	0	1	
1	0	1	805.476	805.476	733	0	1	
2	1	1	806.528	806.528	736	0	1	
1	1	1	807.085	807.085	735	2	1	
2	2	1	807.393	807.393	738	2	1	
3	0	1	807.638	807.638	736	4	1	
3	2	1	807.818	807.818	739	3	1	
3	0	1	808.038	808.038	737	2	1	
2	0	1	808.32	808.32	733	1	1	
2	0	1	808.713	808.713	735	3	1	
3	1	1	808.963	808.963	733	5	1	
3	0	1	809.146	809.146	738	4	1	
3	0	1	809.371	809.371	740	3	1	
3	0	1	809.66	809.66	735	2	1	
3	0	1	810.068	810.068	741	1	1	
0	0	2	810.755	810.755	0	0	1	
0	0	2	812.955	812.955	0	0	1	
1	0	1	814.379	814.379	734	0	1	
2	1	1	815.431	815.431	744	0	1	
3	0	1	815.989	815.989	744	2	1	
3	0	1	816.296	816.296	745	1	1	
2	0	1	816.741	816.741	734	0	1	
3	1	1	817.543	817.543	746	2	1	
3	0	1	817.913	817.913	734	1	1	
1	1	1	818.5	818.5	743	0	1	
2	0	1	819.924	819.924	743	0	1	
0	0	2	820.571	820.571	0	2	1	
1	0	0	820.904	820.904	742	2	1	
2	0	1	821.212	821.212	747	2	1	
3	0	1	821.498	821.498	743	4	1	
3	1	1	821.7	821.7	747	3	1	
3	0	1	821.953	821.953	748	2	1	
3	0	1	822.292	822.292	751	1	1	
1	2	1	822.805	822.805	750	0	1	
2	0	1	823.857	823.857	750	0	1	
3	0	1	824.414	824.414	750	2	1	
3	0	1	824.722	824.722	753	1	1	
1	0	1	825.167	825.167	742	0	1	
2	1	1	825.969	825.969	742	0	1	
3	0	1	826.447	826.447	742	2	1	
3	0	1	826.729	826.729	755	1	1	
2	0	1	827.122	827.122	752	0	1	
3	1	1	827.769	827.769	756	2	1	
3	0	1	828.102	828.102	752	1	1	
0	0	2	828.602	828.602	0	0	1	
1	0	1	829.602	829.602	749	0	1	
2	1	1	830.403	830.403	749	0	1	
3	1	1	830.882	830.882	759	2	1	
3	0	1	831.164	831.164	749	1	1	
2	0	1	831.557	831.557	754	0	1	
2	0	1	832.204	832.204	758	2	1	
3	1	1	832.537	832.537	760	4	1	
3	0	1	832.761	832.761	754	3	1	
3	1	1	833.051	833.051	761	2	1	
3	0	1	833.458	833.458	758	1	1	
1	0	1	834.146	834.146	757	0	1	
2	0	1	836.346	836.346	757	0	1	
3	1	1	837.117	837.117	763	2	1	
0	0	2	837.48	837.48	0	1	1	
2	0	1	838.051	838.051	762	1	1	
3	2	1	838.551	838.551	765	3	1	
3	1	1	838.84	838.84	762	2	1	
3	0	1	839.248	839.248	757	1	1	
1	0	0	839.935	839.935	764	0	1	
1	1	1	842.135	842.135	766	0	1	
1	0	1	843.559	843.559	764	0	1	
2	0	1	844.206	844.206	766	0	1	
3	0	1	844.624	844.624	766	2	1	
3	0	1	844.885	844.885	769	1	1	
2	1	0	845.236	845.236	764	0	1	
2	3	1	845.779	845.779	770	0	1	
3	0	1	846.198	846.198	770	2	1	
2	2	1	846.458	846.458	768	1	1	
2	0	1	846.81	846.81	767	3	1	
3	3	1	847.042	847.042	767	5	1	
0	0	2	847.216	847.216	0	4	1	
3	2	1	847.426	847.426	772	4	1	
0	0	2	847.626	847.626	0	3	1	
3	2	1	847.876	847.876	773	3	1	
0	0	2	848.112	848.112	0	2	1	
3	1	1	848.42	848.42	768	2	1	
3	0	1	848.706	848.706	771	1	1	
2	0	1	849.107	849.107	764	0	1	
3	1	1	849.775	849.775	777	2	1	
1	2	1	850.114	850.114	776	1	1	
3	0	1	850.627	850.627	764	1	1	
0	0	2	850.985	850.985	0	0	1	
2	0	1	851.542	851.542	776	0	1	
3	1	1	852.032	852.032	780	2	1	
3	0	1	852.318	852.318	776	1	1	
2	0	1	852.719	852.719	778	0	1	
1	0	1	853.387	853.387	774	2	1	
1	0	1	853.726	853.726	775	2	1	
2	2	1	853.99	853.99	775	2	1	
3	0	1	854.206	854.206	778	4	1	
3	2	1	854.37	854.37	784	3	1	
3	1	1	854.566	854.566	775	2	1	
2	2	1	854.811	854.811	783	1	1	
2	1	1	855.134	855.134	782	3	1	
3	0	1	855.354	855.354	781	5	1	
3	2	1	855.521	855.521	782	4	1	
2	0	0	855.721	855.721	774	3	1	
3	2	1	855.971	855.971	786	3	1	
2	1	1	856.191	856.191	787	2	1	
2	0	1	856.473	856.473	774	4	1	
3	3	1	856.673	856.673	788	6	1	
3	2	1	856.828	856.828	787	5	1	
3	1	1	857.011	857.011	785	4	1	
1	0	1	857.236	857.236	779	3	1	
2	1	1	857.525	857.525	790	3	1	
3	4	1	857.758	857.758	791	5	1	
3	1	1	857.932	857.932	774	4	1	
2	0	1	858.142	858.142	779	3	1	
3	3	1	858.409	858.409	779	5	1	
3	1	1	858.601	858.601	789	4	1	
3	0	1	858.838	858.838	783	3	1	
3	0	1	859.15	859.15	790	2	1	
3	0	1	859.603	859.603	792	1	1	
0	0	2	860.432	860.432	0	0	1	
0	0	2	865.272	865.272	0	0	1	
1	1	1	867.472	867.472	794	0	1	
0	0	2	868.896	868.896	0	0	1	
1	0	1	869.543	869.543	793	0	1	
2	1	1	870.1	870.1	795	0	1	
2	2	1	870.48	870.48	797	2	1	
3	1	1	870.724	870.724	798	4	1	
0	0	2	870.904	870.904	0	3	1	
3	1	1	871.124	871.124	797	3	1	
2	1	1	871.333	871.333	793	2	1	
3	2	1	871.597	871.597	793	4	1	
3	1	1	871.787	871.787	799	3	1	
2	0	1	872.023	872.023	794	2	1	
3	3	1	872.331	872.331	802	4	1	
3	2	1	872.543	872.543	794	3	1	
3	0	1	872.813	872.813	795	2	1	
3	0	1	873.183	873.183	801	1	1	
1	1	1	873.771	873.771	800	0	1	
2	1	1	875.194	875.194	803	0	1	
2	0	0	875.841	875.841	800	2	1	
3	0	1	876.175	876.175	803	2	1	
2	0	1	876.457	876.457	800	1	1	
3	1	1	876.85	876.85	800	3	1	
2	0	0	877.1	877.1	805	2	1	
3	1	1	877.433	877.433	806	2	1	
2	0	1	877.715	877.715	805	1	1	
3	2	1	878.108	878.108	808	3	1	
3	1	1	878.358	878.358	805	2	1	
3	0	1	878.691	878.691	804	1	1	
2	0	1	879.191	879.191	807	0	1	
3	1	1	880.191	880.191	809	2	1	
3	0	1	880.599	880.599	807	1	1	
1	0	0	881.286	881.286	796	0	1	
0	0	2	883.486	883.486	0	0	1	
1	2	1	884.91	884.91	811	0	1	
0	0	2	885.962	885.962	0	0	1	
2	1	1	886.519	886.519	812	0	1	
3	1	1	887.009	887.009	814	2	1	
2	0	1	887.295	887.295	811	1	1	
3	1	1	887.696	887.696	811	3	1	
3	0	1	887.949	887.949	812	2	1	
3	0	1	888.288	888.288	815	1	1	
0	0	2	888.801	888.801	0	0	1	
0	0	2	889.853	889.853	0	0	1	
1	4	0	890.687	890.687	817	0	1	
1	0	1	891.379	891.379	796	0	1	
1	2	1	891.969	891.969	816	0	1	
2	3	1	892.363	892.363	820	0	1	
3	0	1	892.659	892.659	820	2	1	
2	1	1	892.866	892.866	819	1	1	
2	1	1	893.127	893.127	816	3	1	
1	2	1	893.316	893.316	817	5	1	
3	3	1	893.464	893.464	816	5	1	
3	0	1	893.596	893.596	821	4	1	
3	1	1	893.748	893.748	822	3	1	
2	1	1	893.927	893.927	817	2	1	
1	2	1	894.145	894.145	818	4	1	
3	0	1	894.31	894.31	819	4	1	
3	0	1	894.455	894.455	823	3	1	
3	0	1	894.625	894.625	817	2	1	
2	3	1	894.83	894.83	826	1	1	
3	2	1	895.088	895.088	827	3	1	
3	0	1	895.275	895.275	825	2	1	
1	0	1	895.505	895.505	810	1	1	
3	0	1	895.805	895.805	826	1	1	
2	2	1	896.044	896.044	818	0	1	
2	1	1	896.358	896.358	824	2	1	
3	0	1	896.574	896.574	818	4	1	
3	0	1	896.738	896.738	829	3	1	
3	0	1	896.935	896.935	824	2	1	
2	2	1	897.179	897.179	828	1	1	
3	0	1	897.503	897.503	830	3	1	
3	1	1	897.723	897.723	831	2	1	
3	0	1	898.005	898.005	828	1	1	
2	0	1	898.397	898.397	796	0	1	
1	0	0	899.044	899.044	813	2	1	
0	0	2	899.378	899.378	0	2	1	
3	0	1	899.686	899.686	796	2	1	
0	0	2	899.972	899.972	0	1	1	
3	0	1	900.372	900.372	832	1	1	
1	3	0	900.737	900.737	835	0	1	
1	0	1	901.31	901.31	813	0	1	
2	1	1	901.812	901.812	813	0	1	
3	1	1	902.165	902.165	838	2	1	
1	1	1	902.398	902.398	834	1	1	
2	2	1	902.702	902.702	834	1	1	
3	1	1	902.944	902.944	834	3	1	
1	0	1	903.123	903.123	833	2	1	
3	1	1	903.341	903.341	840	2	1	
2	1	1	903.526	903.526	837	1	1	
3	0	1	903.751	903.751	813	3	1	
3	0	1	903.921	903.921	837	2	1	
0	0	2	904.126	904.126	0	1	1	
1	0	1	904.383	904.383	835	1	1	
2	0	1	904.625	904.625	810	1	1	
3	1	1	904.826	904.826	810	3	1	
2	4	1	904.982	904.982	844	2	1	
1	1	1	905.166	905.166	843	4	1	
2	5	1	905.311	905.311	847	4	1	
3	1	1	905.441	905.441	845	6	1	
2	2	1	905.55	905.55	841	5	1	
3	0	1	905.672	905.672	842	7	1	
3	0	1	905.776	905.776	844	6	1	
3	3	1	905.891	905.891	841	5	1	
2	0	1	906.022	906.022	839	4	1	
3	4	1	906.173	906.173	839	6	1	
3	3	1	906.297	906.297	849	5	1	
3	2	1	906.438	906.438	848	4	1	
3	0	1	906.602	906.602	846	3	1	
3	0	1	906.798	906.798	847	2	1	
2	0	1	907.043	907.043	833	1	1	
3	0	1	907.366	907.366	850	3	1	
2	1	1	907.586	907.586	843	2	1	
3	0	1	907.868	907.868	833	4	1	
3	0	1	908.068	908.068	851	3	1	
3	1	1	908.318	908.318	852	2	1	
2	0	1	908.652	908.652	835	1	1	
3	2	1	909.152	909.152	853	3	1	
3	1	1	909.441	909.441	835	2	1	
3	0	1	909.849	909.849	843	1	1	
1	0	1	910.536	910.536	836	0	1	
0	0	2	912.736	912.736	0	0	1	
1	0	1	913.507	913.507	855	0	1	
0	0	2	914.154	914.154	0	0	1	
2	1	1	914.572	914.572	854	0	1	
3	1	1	914.952	914.952	858	2	1	
2	1	1	915.196	915.196	855	1	1	
2	0	1	915.52	915.52	836	3	1	
3	4	1	915.74	915.74	860	5	1	
3	0	1	915.906	915.906	854	4	1	
3	0	1	916.106	916.106	855	3	1	
3	1	1	916.356	916.356	836	2	1	
0	0	2	916.69	916.69	0	1	1	
3	0	1	917.19	917.19	859	1	1	
2	0	1	917.635	917.635	856	0	1	
3	1	1	918.436	918.436	862	2	1	
3	0	1	918.806	918.806	856	1	1	
1	0	1	919.393	919.393	857	0	1	
2	0	1	920.817	920.817	857	0	1	
1	0	1	921.464	921.464	861	2	1	
3	1	1	921.797	921.797	864	2	1	
2	1	1	922.058	922.058	861	1	1	
3	0	1	922.409	922.409	857	3	1	
3	0	1	922.642	922.642	861	2	1	
3	0	1	922.945	922.945	866	1	1	
2	0	1	923.38	923.38	863	0	1	
2	0	1	924.151	924.151	865	2	1	
3	1	1	924.515	924.515	867	4	1	
3	2	1	924.752	924.752	868	3	1	
3	1	1	925.064	925.064	865	2	1	
3	0	1	925.517	925.517	863	1	1	
0	0	2	926.346	926.346	0	0	1	
1	0	1	931.186	931.186	869	0	1	
2	1	1	933.386	933.386	870	0	1	
0	0	2	934.157	934.157	0	2	1	
3	1	1	934.52	934.52	871	2	1	
0	0	2	934.853	934.853	0	1	1	
1	1	1	935.353	935.353	873	1	1	
2	2	1	935.798	935.798	874	1	1	
3	1	1	936.122	936.122	874	3	1	
3	1	1	936.342	936.342	875	2	1	
0	0	2	936.624	936.624	0	1	1	
2	0	1	937.017	937.017	869	1	1	
3	0	1	937.375	937.375	870	3	1	
2	0	1	937.61	937.61	873	2	1	
3	0	1	937.918	937.918	869	4	1	
3	1	1	938.131	938.131	873	3	1	
0	0	2	938.401	938.401	0	2	1	
3	1	1	938.771	938.771	878	2	1	
3	0	1	939.11	939.11	877	1	1	
1	1	1	939.622	939.622	876	0	1	
2	1	1	940.675	940.675	880	0	1	
1	0	1	941.232	941.232	872	2	1	
2	1	1	941.54	941.54	872	2	1	
3	1	1	941.785	941.785	881	4	1	
0	0	2	941.965	941.965	0	3	1	
3	2	1	942.185	942.185	883	3	1	
3	1	1	942.393	942.393	872	2	1	
2	1	0	942.657	942.657	882	1	1	
3	0	1	943.015	943.015	880	1	1	
2	0	1	943.315	943.315	876	0	1	
3	1	1	943.742	943.742	886	2	1	
2	1	1	944.006	944.006	885	1	1	
3	2	1	944.364	944.364	887	3	1	
3	0	1	944.599	944.599	876	2	1	
3	0	1	944.907	944.907	885	1	1	
2	0	1	945.352	945.352	882	0	1	
3	0	1	946.153	946.153	882	2	1	
3	0	1	946.523	946.523	888	1	1	
0	0	2	947.111	947.111	0	0	1	
1	1	1	948.534	948.534	884	0	1	
0	0	2	949.586	949.586	0	0	1	
2	1	1	950.144	950.144	890	0	1	
3	1	1	950.634	950.634	892	2	1	
3	0	1	950.92	950.92	890	1	1	
1	2	1	951.321	951.321	891	0	1	
2	0	1	951.989	951.989	884	0	1	
2	0	1	952.417	952.417	891	2	1	
3	3	1	952.68	952.68	895	4	1	
3	0	1	952.871	952.871	884	3	1	
3	0	1	953.106	953.106	894	2	1	
3	0	1	953.414	953.414	891	1	1	
1	1	1	953.859	953.859	889	0	1	
2	1	1	954.66	954.66	889	0	1	
2	0	1	955.139	955.139	893	2	1	
3	3	1	955.421	955.421	898	4	1	
2	0	1	955.621	955.621	896	3	1	
3	4	1	955.871	955.871	899	5	1	
3	1	1	956.054	956.054	897	4	1	
3	2	1	956.278	956.278	896	3	1	
3	1	1	956.568	956.568	893	2	1	
0	0	2	956.975	956.975	0	1	1	
3	0	1	957.663	957.663	889	1	1	
1	1	1	958.25	958.25	900	0	1	
2	0	1	959.674	959.674	900	0	1	
3	0	1	960.321	960.321	900	2	1	
2	0	1	960.654	960.654	901	1	1	
3	1	1	961.154	961.154	901	3	1	
3	1	1	961.444	961.444	903	2	1	
3	0	1	961.851	961.851	902	1	1	
1	0	0	962.538	962.538	879	0	1	
1	0	1	964.738	964.738	879	0	1	
0	0	2	966.162	966.162	0	0	1	
2	0	1	966.809	966.809	879	0	1	
2	0	1	967.367	967.367	905	2	1	
3	3	1	967.675	967.675	908	4	1	
1	1	1	967.887	967.887	906	3	1	
3	0	1	968.157	968.157	879	3	1	
2	0	1	968.377	968.377	906	2	1	
3	3	1	968.659	968.659	910	4	1	
3	1	1	968.859	968.859	905	3	1	
3	1	1	969.109	969.109	906	2	1	
3	0	1	969.443	969.443	907	1	1	
1	0	1	969.943	969.943	904	0	1	
2	2	1	970.943	970.943	911	0	1	
2	1	0	971.485	971.485	904	2	1	
3	0	1	971.789	971.789	911	2	1	
3	0	1	972.049	972.049	912	1	1	
2	1	1	972.4	972.4	904	0	1	
3	0	1	972.943	972.943	904	2	1	
2	0	1	973.246	973.246	909	1	1	
3	1	1	973.682	973.682	909	3	1	
2	0	1	973.948	973.948	913	2	1	
3	0	1	974.311	974.311	914	4	1	
3	0	1	974.549	974.549	915	3	1	
3	0	1	974.861	974.861	913	2	1	
3	0	1	975.314	975.314	916	1	1	
0	0	2	976.143	976.143	0	0	1	
1	0	1	980.983	980.983	917	0	1	
2	1	1	983.183	983.183	918	0	1	
3	0	1	983.954	983.954	918	2	1	
3	0	1	984.317	984.317	919	1	1	
0	0	2	984.888	984.888	0	0	1	
2	0	1	986.218	986.218	917	0	1	
3	0	1	987.218	987.218	917	2	1	
3	0	1	987.625	987.625	921	1	1	
1	0	1	988.312	988.312	920	0	1	
2	0	1	990.512	990.512	920	0	1	
2	0	1	991.283	991.283	922	2	1	
3	0	1	991.646	991.646	920	4	1	
3	1	1	991.884	991.884	922	3	1	
3	0	1	992.196	992.196	923	2	1	
3	0	1	992.649	992.649	924	1	1	
0	0	2	993.478	993.478	0	0	1	
0	0	2	998.318	998.318	0	0	1	
0	0	2	1000.52	1000.52	0	0	1	
0	0	2	1001.94	1001.94	0	0	1	
0	0	2	1002.99	1002.99	0	0	1	
1	1	1	1003.83	1003.83	926	0	1	
2	1	1	1004.52	1004.52	930	0	1	
1	0	1	1004.96	1004.96	925	2	1	
3	0	1	1005.22	1005.22	930	2	1	
1	1	1	1005.44	1005.44	928	1	1	
2	0	1	1005.72	1005.72	926	1	1	
3	2	1	1005.95	1005.95	934	3	1	
3	1	1	1006.12	1006.12	926	2	1	
2	1	1	1006.32	1006.32	932	1	1	
3	2	1	1006.58	1006.58	935	3	1	
2	2	1	1006.77	1006.77	933	2	1	
3	0	1	1007	1007	931	4	1	
3	2	1	1007.17	1007.17	936	3	1	
1	1	1	1007.38	1007.38	929	2	1	
3	0	1	1007.64	1007.64	932	2	1	
3	0	1	1007.86	1007.86	933	1	1	
2	0	1	1008.13	1008.13	925	0	1	
3	0	1	1008.51	1008.51	925	2	1	
2	2	1	1008.76	1008.76	937	1	1	
3	1	1	1009.08	1009.08	937	3	1	
3	1	1	1009.3	1009.3	939	2	1	
3	0	1	1009.58	1009.58	938	1	1	
2	0	0	1009.97	1009.97	928	0	1	
2	0	1	1010.62	1010.62	928	0	1	
3	0	1	1011.1	1011.1	928	2	1	
3	0	1	1011.38	1011.38	941	1	1	
0	0	2	1011.77	1011.77	0	0	1	
2	0	1	1012.42	1012.42	929	0	1	
3	0	1	1012.98	1012.98	929	2	1	
3	0	1	1013.29	1013.29	943	1	1	
2	0	1	1013.73	1013.73	940	0	1	
3	1	1	1014.53	1014.53	944	2	1	
3	0	1	1014.9	1014.9	940	1	1	
1	1	1	1015.49	1015.49	942	0	1	
2	1	1	1016.91	1016.91	945	0	1	
2	0	1	1017.56	1017.56	942	2	1	
3	3	1	1017.89	1017.89	947	4	1	
3	2	1	1018.12	1018.12	942	3	1	
1	0	0	1018.41	1018.41	927	2	1	
1	0	1	1018.82	1018.82	927	2	1	
1	0	1	1019.19	1019.19	948	2	1	
2	1	1	1019.47	1019.47	949	2	1	
0	0	2	1019.7	1019.7	0	4	1	
3	3	1	1019.87	1019.87	951	4	1	
3	0	1	1020.03	1020.03	945	3	1	
3	1	1	1020.23	1020.23	949	2	1	
3	0	1	1020.47	1020.47	946	1	1	
2	1	0	1020.8	1020.8	948	0	1	
2	1	1	1021.27	1021.27	948	0	1	
3	1	1	1021.65	1021.65	954	2	1	
3	0	1	1021.9	1021.9	948	1	1	
2	0	1	1022.22	1022.22	927	0	1	
2	1	1	1022.7	1022.7	953	2	1	
3	2	1	1022.98	1022.98	953	4	1	
3	1	1	1023.18	1023.18	955	3	1	
3	0	1	1023.43	1023.43	927	2	1	
3	0	1	1023.76	1023.76	956	1	1	
2	0	1	1024.26	1024.26	950	0	1	
3	1	1	1025.26	1025.26	957	2	1	
3	0	1	1025.67	1025.67	950	1	1	
1	0	1	1026.36	1026.36	952	0	1	
2	0	1	1028.56	1028.56	952	0	1	
3	1	1	1029.33	1029.33	959	2	1	
2	0	1	1029.69	1029.69	958	1	1	
3	1	1	1030.26	1030.26	958	3	1	
3	1	1	1030.58	1030.58	960	2	1	
0	0	2	1031.03	1031.03	0	1	1	
3	0	1	1031.86	1031.86	952	1	1	
1	0	1	1032.55	1032.55	961	0	1	
2	1	1	1034.75	1034.75	962	0	1	
3	1	1	1035.52	1035.52	963	2	1	
2	0	1	1035.88	1035.88	961	1	1	
3	1	1	1036.45	1036.45	961	3	1	
3	1	1	1036.76	1036.76	964	2	1	
3	0	1	1037.22	1037.22	962	1	1	
0	0	2	1038.04	1038.04	0	0	1	
0	0	2	1042.88	1042.88	0	0	1	
1	0	1	1045.08	1045.08	965	0	1	
2	1	1	1046.51	1046.51	967	0	1	
3	1	1	1047.15	1047.15	968	2	1	
3	0	1	1047.49	1047.49	967	1	1	
1	0	1	1047.99	1047.99	966	0	1	
2	0	1	1048.99	1048.99	965	0	1	
3	0	1	1049.53	1049.53	965	2	1	
3	0	1	1049.83	1049.83	970	1	1	
2	0	1	1050.27	1050.27	966	0	1	
3	1	1	1051.04	1051.04	971	2	1	
2	0	1	1051.4	1051.4	969	1	1	
3	1	1	1051.97	1051.97	969	3	1	
3	1	1	1052.29	1052.29	972	2	1	
3	0	1	1052.74	1052.74	966	1	1	
0	0	2	1053.57	1053.57	0	0	1	
0	0	2	1058.41	1058.41	0	0	1	
1	0	1	1060.61	1060.61	973	0	1	
2	0	1	1062.03	1062.03	973	0	1	
3	1	1	1062.68	1062.68	976	2	1	
3	0	1	1063.01	1063.01	973	1	1	
1	0	1	1063.51	1063.51	974	0	1	
2	2	0	1064.51	1064.51	977	0	1	
2	1	1	1065.05	1065.05	974	0	1	
3	0	1	1065.47	1065.47	974	2	1	
2	0	1	1065.73	1065.73	975	1	1	
3	0	1	1066.08	1066.08	979	3	1	
2	0	1	1066.32	1066.32	977	2	1	
3	3	1	1066.62	1066.62	981	4	1	
2	0	1	1066.83	1066.83	978	3	1	
3	3	1	1067.1	1067.1	978	5	1	
0	0	2	1067.29	1067.29	0	4	1	
3	2	1	1067.53	1067.53	977	4	1	
3	0	1	1067.75	1067.75	975	3	1	
3	1	1	1068.04	1068.04	982	2	1	
3	0	1	1068.45	1068.45	980	1	1	
0	0	2	1069.14	1069.14	0	0	1	
1	1	1	1071.34	1071.34	984	0	1	
1	0	1	1072.76	1072.76	983	0	1	
2	1	1	1073.41	1073.41	985	0	1	
3	0	1	1073.83	1073.83	985	2	1	
2	1	1	1074.09	1074.09	983	1	1	
3	0	1	1074.44	1074.44	987	3	1	
3	1	1	1074.67	1074.67	988	2	1	
3	0	1	1074.97	1074.97	983	1	1	
2	0	1	1075.41	1075.41	984	0	1	
0	0	2	1076.18	1076.18	0	2	1	
3	0	1	1076.54	1076.54	984	2	1	
3	0	1	1076.88	1076.88	989	1	1	
2	0	0	1077.38	1077.38	986	0	1	
2	0	1	1078.38	1078.38	986	0	1	
3	1	1	1079.02	1079.02	992	2	1	
2	0	1	1079.36	1079.36	991	1	1	
3	1	1	1079.86	1079.86	991	3	1	
3	1	1	1080.15	1080.15	993	2	1	
0	0	2	1080.55	1080.55	0	1	1	
3	0	1	1081.24	1081.24	986	1	1	
0	0	2	1081.83	1081.83	0	0	1	
0	0	2	1083.25	1083.25	0	0	1	
1	2	0	1084.3	1084.3	995	0	1	
1	4	1	1085.14	1085.14	997	0	1	
1	3	1	1085.83	1085.83	996	0	1	
0	0	2	1086.27	1086.27	0	0	1	
1	1	1	1086.59	1086.59	994	0	1	
2	2	1	1086.88	1086.88	996	0	1	
3	0	1	1087.12	1087.12	996	2	1	
3	0	1	1087.29	1087.29	1002	1	1	
1	1	1	1087.51	1087.51	995	0	1	
2	1	1	1087.78	1087.78	998	0	1	
2	1	1	1088	1088	999	2	1	
3	2	1	1088.17	1088.17	999	4	1	
3	2	1	1088.3	1088.3	1005	3	1	
2	4	1	1088.46	1088.46	1003	2	1	
3	1	1	1088.64	1088.64	1004	4	1	
3	2	1	1088.79	1088.79	1006	3	1	
2	2	1	1088.96	1088.96	1001	2	1	
2	0	1	1089.16	1089.16	997	4	1	
2	0	1	1089.32	1089.32	994	6	1	
3	7	1	1089.45	1089.45	1009	8	1	
3	2	1	1089.56	1089.56	1001	7	1	
3	2	1	1089.68	1089.68	1007	6	1	
3	1	1	1089.82	1089.82	1003	5	1	
3	3	1	1089.98	1089.98	994	4	1	
3	2	1	1090.17	1090.17	1008	3	1	
3	1	1	1090.4	1090.4	997	2	1	
2	0	0	1090.71	1090.71	995	1	1	
3	0	1	1091.16	1091.16	998	1	1	
2	1	1	1091.51	1091.51	1010	0	1	
1	1	1	1092.07	1092.07	1000	2	1	
3	1	1	1092.38	1092.38	1011	2	1	
2	0	1	1092.62	1092.62	995	1	1	
3	2	1	1092.95	1092.95	1013	3	1	
2	1	1	1093.17	1093.17	1012	2	1	
1	0	1	1093.45	1093.45	990	4	1	
2	1	1	1093.65	1093.65	990	4	1	
3	4	1	1093.82	1093.82	990	6	1	
3	0	1	1093.96	1093.96	1010	5	1	
3	2	1	1094.12	1094.12	1014	4	1	
0	0	2	1094.3	1094.3	0	3	1	
2	0	1	1094.54	1094.54	1000	3	1	
3	0	1	1094.76	1094.76	995	5	1	
2	0	1	1094.92	1094.92	1015	4	1	
3	0	1	1095.12	1095.12	1012	6	1	
3	4	1	1095.28	1095.28	1019	5	1	
3	0	1	1095.46	1095.46	1016	4	1	
3	0	1	1095.69	1095.69	1000	3	1	
0	0	2	1095.98	1095.98	0	2	1	
3	0	1	1096.38	1096.38	1018	2	1	
0	0	2	1096.75	1096.75	0	1	1	
3	0	1	1097.34	1097.34	1015	1	1	
0	0	2	1097.85	1097.85	0	0	1	
1	2	1	1098.91	1098.91	1021	0	1	
2	0	1	1099.74	1099.74	1021	0	1	
3	0	1	1100.23	1100.23	1021	2	1	
2	0	1	1100.52	1100.52	1023	1	1	
3	2	1	1100.92	1100.92	1025	3	1	
3	0	1	1101.17	1101.17	1024	2	1	
3	0	1	1101.51	1101.51	1023	1	1	
0	0	2	1102.02	1102.02	0	0	1	
0	0	2	1103.07	1103.07	0	0	1	
1	1	1	1103.91	1103.91	1020	0	1	
2	1	1	1104.6	1104.6	1028	0	1	
1	3	1	1105.04	1105.04	1027	2	1	
3	1	1	1105.3	1105.3	1029	2	1	
2	0	1	1105.52	1105.52	1020	1	1	
3	0	1	1105.8	1105.8	1028	3	1	
3	0	1	1106	1106	1020	2	1	
