0	0	2	0	0	0	0	1	
1	0	1	25	25	1	0	1	
2	0	1	30	30	1	0	1	
2	0	0	30.6098	30.6098	2	2	1	
3	1	1	31.8002	31.8002	3	2	1	
3	0	1	32.075	32.075	1	1	1	
2	0	1	32.4537	32.4537	2	0	1	
3	0	1	33.0635	33.0635	2	2	1	
3	0	1	33.4156	33.4156	5	1	1	
2	0	1	33.9591	33.9591	4	0	1	
3	1	1	35.1496	35.1496	6	2	1	
3	0	1	35.6398	35.6398	4	1	1	
0	0	2	36.6013	36.6013	0	0	1	
1	0	1	61.6013	61.6013	7	0	1	
2	1	1	66.6013	66.6013	8	0	1	
3	1	1	67.2111	67.2111	9	2	1	
3	0	1	67.5632	67.5632	8	1	1	
2	0	1	68.1067	68.1067	7	0	1	
3	0	1	69.2971	69.2971	7	2	1	
3	0	1	69.7873	69.7873	10	1	1	
0	0	2	70.7489	70.7489	0	0	1	
1	0	1	95.7489	95.7489	11	0	1	
2	0	0	100.749	100.749	11	0	1	
2	1	1	101.359	101.359	12	0	1	
2	0	1	101.768	101.768	11	2	1	
2	0	1	102.043	102.043	13	4	1	
3	5	1	102.25	102.25	16	6	1	
3	3	1	102.415	102.415	15	5	1	
3	0	1	102.614	102.614	12	4	1	
3	1	1	102.861	102.861	11	3	1	
3	0	1	103.19	103.19	14	2	1	
3	0	1	103.68	103.68	13	1	1	
0	0	2	104.642	104.642	0	0	1	
1	0	0	129.642	129.642	17	0	1	
1	1	1	134.642	134.642	18	0	1	
2	1	1	137.42	137.42	19	0	1	
3	1	1	137.975	137.975	20	2	1	
3	0	1	138.309	138.309	19	1	1	
2	0	0	138.809	138.809	18	0	1	
2	1	1	139.809	139.809	21	0	1	
1	0	1	140.364	140.364	17	2	1	
2	1	1	140.698	140.698	17	2	1	
2	0	1	140.923	140.923	18	4	1	
3	3	1	141.1	141.1	24	6	1	
3	1	1	141.246	141.246	22	5	1	
3	0	1	141.417	141.417	21	4	1	
3	0	1	141.624	141.624	17	3	1	
2	0	1	141.885	141.885	23	2	1	
3	1	1	142.237	142.237	25	4	1	
3	1	1	142.484	142.484	23	3	1	
3	1	1	142.813	142.813	26	2	1	
3	0	1	143.303	143.303	18	1	1	
0	0	2	144.265	144.265	0	0	1	
0	0	2	169.265	169.265	0	0	1	
1	0	1	174.265	174.265	27	0	1	
2	0	1	177.043	177.043	27	0	1	
3	0	1	177.598	177.598	27	2	1	
2	0	1	177.932	177.932	29	1	1	
3	0	1	178.432	178.432	30	3	1	
3	1	1	178.744	178.744	31	2	1	
3	0	1	179.199	179.199	29	1	1	
0	0	2	180.032	180.032	0	0	1	
0	0	2	185.032	185.032	0	0	1	
1	2	0	187.81	187.81	33	0	1	
1	0	0	189.733	189.733	28	0	1	
1	2	0	191.203	191.203	33	0	1	
1	1	0	192.394	192.394	32	0	1	
1	1	1	193.394	193.394	32	0	1	
2	0	1	194.256	194.256	32	0	1	
1	0	1	194.64	194.64	28	2	1	
3	1	1	194.904	194.904	39	2	1	
1	4	1	195.094	195.094	37	1	1	
1	1	1	195.33	195.33	34	1	1	
3	0	1	195.506	195.506	32	1	1	
2	2	1	195.647	195.647	40	0	1	
3	0	1	195.81	195.81	40	2	1	
3	0	1	195.947	195.947	43	1	1	
2	5	0	196.105	196.105	42	0	1	
2	0	0	196.293	196.293	38	0	1	
2	7	1	196.456	196.456	45	0	1	
2	5	0	196.601	196.601	42	2	1	
3	0	1	196.724	196.724	45	2	1	
2	5	0	196.836	196.836	42	1	1	
2	4	1	196.962	196.962	34	1	1	
2	1	1	197.077	197.077	28	3	1	
2	1	1	197.178	197.178	37	5	1	
3	4	1	197.268	197.268	50	7	1	
3	5	1	197.349	197.349	51	6	1	
3	4	1	197.437	197.437	37	5	1	
2	4	1	197.534	197.534	47	4	1	
2	2	1	197.642	197.642	42	6	1	
3	4	1	197.737	197.737	47	8	1	
3	0	1	197.822	197.822	46	7	1	
3	0	1	197.915	197.915	34	6	1	
3	4	1	198.018	198.018	53	5	1	
2	3	1	198.133	198.133	48	4	1	
3	2	1	198.262	198.262	52	6	1	
2	0	1	198.374	198.374	38	5	1	
2	0	0	198.501	198.501	41	7	1	
3	6	1	198.61	198.61	55	7	1	
3	4	1	198.711	198.711	54	6	1	
3	3	1	198.823	198.823	48	5	1	
1	0	1	198.95	198.95	33	4	1	
2	1	0	199.094	199.094	44	4	1	
2	3	0	199.214	199.214	33	4	1	
3	3	1	199.323	199.323	38	4	1	
2	0	1	199.423	199.423	41	3	1	
3	4	1	199.535	199.535	60	5	1	
3	3	1	199.633	199.633	41	4	1	
3	1	1	199.742	199.742	28	3	1	
3	1	1	199.865	199.865	42	2	1	
2	3	1	200.005	200.005	57	1	1	
3	1	1	200.167	200.167	57	3	1	
2	3	0	200.303	200.303	58	2	1	
2	3	1	200.46	200.46	58	2	1	
2	0	1	200.6	200.6	44	4	1	
3	5	1	200.719	200.719	64	6	1	
2	2	0	200.824	200.824	59	5	1	
3	1	1	200.941	200.941	61	5	1	
1	0	1	201.048	201.048	35	4	1	
3	1	1	201.167	201.167	58	4	1	
2	5	0	201.269	201.269	35	3	1	
3	1	1	201.383	201.383	63	3	1	
3	0	1	201.487	201.487	49	2	1	
3	0	1	201.603	201.603	44	1	1	
2	4	0	201.735	201.735	65	0	1	
2	1	1	201.886	201.886	33	0	1	
2	7	1	202.022	202.022	68	2	1	
2	3	1	202.138	202.138	65	4	1	
2	2	1	202.24	202.24	62	6	1	
3	3	1	202.331	202.331	70	8	1	
2	0	1	202.413	202.413	56	7	1	
3	4	1	202.502	202.502	71	9	1	
3	0	1	202.583	202.583	33	8	1	
2	2	0	202.67	202.67	66	7	1	
3	1	1	202.767	202.767	68	7	1	
3	1	1	202.856	202.856	65	6	1	
2	1	1	202.954	202.954	35	5	1	
3	2	1	203.063	203.063	72	7	1	
2	2	1	203.159	203.159	67	6	1	
2	1	1	203.265	203.265	66	8	1	
3	1	1	203.36	203.36	62	10	1	
3	6	1	203.444	203.444	76	9	1	
2	0	1	203.537	203.537	59	8	1	
3	6	1	203.639	203.639	66	10	1	
3	7	1	203.73	203.73	59	9	1	
3	6	1	203.83	203.83	77	8	1	
3	5	1	203.941	203.941	67	7	1	
3	3	1	204.066	204.066	35	6	1	
3	2	1	204.209	204.209	73	5	1	
3	0	1	204.375	204.375	69	4	1	
3	2	1	204.575	204.575	78	3	1	
2	0	1	204.825	204.825	74	2	1	
3	0	1	205.159	205.159	56	4	1	
3	0	1	205.397	205.397	75	3	1	
3	1	1	205.709	205.709	79	2	1	
3	0	1	206.164	206.164	74	1	1	
1	0	0	206.997	206.997	36	0	1	
1	1	1	211.997	211.997	80	0	1	
2	0	1	214.775	214.775	80	0	1	
3	0	1	215.331	215.331	80	2	1	
2	0	1	215.664	215.664	81	1	1	
3	1	1	216.164	216.164	81	3	1	
3	0	1	216.476	216.476	82	2	1	
3	0	1	216.931	216.931	83	1	1	
1	0	1	217.764	217.764	36	0	1	
2	1	1	222.764	222.764	84	0	1	
3	1	1	223.374	223.374	85	2	1	
3	0	1	223.726	223.726	84	1	1	
2	0	1	224.27	224.27	36	0	1	
3	1	1	225.46	225.46	86	2	1	
3	0	1	225.95	225.95	36	1	1	
0	0	2	226.912	226.912	0	0	1	
1	0	0	251.912	251.912	87	0	1	
1	0	0	256.912	256.912	87	0	1	
1	0	1	259.69	259.69	87	0	1	
2	0	1	261.613	261.613	87	0	1	
2	0	1	262.123	262.123	90	2	1	
3	1	1	262.439	262.439	91	4	1	
3	2	1	262.669	262.669	92	3	1	
3	1	1	262.966	262.966	90	2	1	
1	1	1	263.39	263.39	89	1	1	
3	0	1	264.125	264.125	87	1	1	
2	0	0	264.483	264.483	89	0	1	
2	1	0	265.038	265.038	93	0	1	
2	3	1	265.423	265.423	95	0	1	
2	2	1	265.717	265.717	94	2	1	
2	1	0	265.934	265.934	93	4	1	
3	3	1	266.107	266.107	97	4	1	
3	1	1	266.258	266.258	96	3	1	
2	1	1	266.437	266.437	93	2	1	
3	1	1	266.654	266.654	94	4	1	
2	1	1	266.826	266.826	98	3	1	
3	0	1	267.035	267.035	95	5	1	
2	0	1	267.201	267.201	89	4	1	
3	0	1	267.401	267.401	93	6	1	
3	4	1	267.563	267.563	101	5	1	
3	3	1	267.755	267.755	89	4	1	
1	0	0	267.993	267.993	88	3	1	
3	1	1	268.306	268.306	98	3	1	
1	1	1	268.603	268.603	102	2	1	
2	1	1	269.027	269.027	103	2	1	
3	0	1	269.29	269.29	99	4	1	
3	1	1	269.49	269.49	103	3	1	
3	1	1	269.74	269.74	104	2	1	
3	0	1	270.074	270.074	100	1	1	
2	0	0	270.574	270.574	102	0	1	
2	0	1	271.574	271.574	102	0	1	
2	0	0	272.129	272.129	105	2	1	
2	0	1	272.462	272.462	105	2	1	
3	2	1	272.726	272.726	105	4	1	
3	2	1	272.926	272.926	108	3	1	
3	0	1	273.176	273.176	102	2	1	
2	0	0	273.509	273.509	107	1	1	
2	0	1	274.009	274.009	107	1	1	
3	1	1	274.366	274.366	107	3	1	
2	0	0	274.616	274.616	109	2	1	
3	0	1	274.949	274.949	106	2	1	
3	0	1	275.213	275.213	110	1	1	
2	0	1	275.57	275.57	109	0	1	
0	0	2	276.125	276.125	0	2	1	
1	0	1	276.459	276.459	88	2	1	
3	0	1	276.775	276.775	109	2	1	
2	0	1	276.992	276.992	111	1	1	
3	2	1	277.27	277.27	115	3	1	
2	0	0	277.479	277.479	88	2	1	
3	1	1	277.742	277.742	111	2	1	
2	1	1	277.959	277.959	114	1	1	
2	1	1	278.237	278.237	116	3	1	
3	0	1	278.445	278.445	112	5	1	
3	0	1	278.612	278.612	114	4	1	
3	0	1	278.812	278.812	117	3	1	
3	1	1	279.062	279.062	118	2	1	
2	0	1	279.395	279.395	88	1	1	
3	0	1	279.895	279.895	116	3	1	
3	0	1	280.208	280.208	88	2	1	
3	0	1	280.662	280.662	119	1	1	
1	0	1	281.496	281.496	113	0	1	
2	0	1	286.496	286.496	113	0	1	
3	0	1	287.105	287.105	113	2	1	
2	0	1	287.457	287.457	120	1	1	
3	0	1	288.001	288.001	121	3	1	
3	0	1	288.33	288.33	120	2	1	
3	0	1	288.82	288.82	122	1	1	
0	0	2	289.782	289.782	0	0	1	
1	0	1	314.782	314.782	123	0	1	
2	1	1	319.782	319.782	124	0	1	
3	1	1	320.391	320.391	125	2	1	
3	0	1	320.743	320.743	124	1	1	
2	0	0	321.287	321.287	123	0	1	
2	1	1	322.477	322.477	126	0	1	
2	0	0	323.087	323.087	123	2	1	
3	0	1	323.439	323.439	126	2	1	
2	1	1	323.714	323.714	128	1	1	
3	1	1	324.093	324.093	128	3	1	
3	0	1	324.353	324.353	127	2	1	
3	0	1	324.705	324.705	129	1	1	
2	0	0	325.249	325.249	123	0	1	
2	1	1	326.439	326.439	130	0	1	
3	1	1	327.049	327.049	131	2	1	
3	0	1	327.401	327.401	130	1	1	
2	0	1	327.945	327.945	123	0	1	
3	0	1	329.135	329.135	123	2	1	
3	0	1	329.625	329.625	132	1	1	
0	0	2	330.587	330.587	0	0	1	
1	0	0	355.587	355.587	133	0	1	
1	0	1	360.587	360.587	133	0	1	
2	1	1	363.365	363.365	135	0	1	
0	0	2	363.92	363.92	0	2	1	
2	0	1	364.254	364.254	133	2	1	
3	2	1	364.57	364.57	133	4	1	
3	1	1	364.799	364.799	136	3	1	
3	0	1	365.097	365.097	135	2	1	
3	0	1	365.521	365.521	138	1	1	
1	0	1	366.256	366.256	134	0	1	
2	0	0	369.034	369.034	134	0	1	
2	0	0	369.589	369.589	134	0	1	
2	1	1	369.974	369.974	139	0	1	
2	1	1	370.268	370.268	140	2	1	
3	1	1	370.485	370.485	142	4	1	
2	0	0	370.658	370.658	134	3	1	
3	0	1	370.866	370.866	139	3	1	
3	0	1	371.045	371.045	140	2	1	
3	0	1	371.262	371.262	143	1	1	
2	1	0	371.54	371.54	141	0	1	
2	0	1	371.925	371.925	134	0	1	
3	1	1	372.219	372.219	146	2	1	
3	0	1	372.436	372.436	134	1	1	
2	2	1	372.714	372.714	145	0	1	
3	1	1	373.098	373.098	147	2	1	
2	0	1	373.362	373.362	141	1	1	
3	1	1	373.719	373.719	141	3	1	
2	0	1	373.969	373.969	144	2	1	
3	2	1	374.302	374.302	144	4	1	
3	0	1	374.54	374.54	145	3	1	
3	0	1	374.853	374.853	148	2	1	
3	0	1	375.307	375.307	149	1	1	
1	0	1	376.141	376.141	137	0	1	
2	1	0	381.141	381.141	150	0	1	
2	0	1	381.75	381.75	137	0	1	
2	0	0	382.16	382.16	150	2	1	
3	0	1	382.435	382.435	137	2	1	
3	0	1	382.66	382.66	152	1	1	
2	1	1	382.951	382.951	151	0	1	
3	0	1	383.361	383.361	151	2	1	
2	0	0	383.635	383.635	150	1	1	
3	0	1	384.014	384.014	154	1	1	
2	0	0	384.305	384.305	150	0	1	
2	1	0	384.715	384.715	153	0	1	
2	4	0	385.023	385.023	157	0	1	
2	1	1	385.271	385.271	153	0	1	
3	0	1	385.477	385.477	153	2	1	
3	0	1	385.643	385.643	159	1	1	
2	3	1	385.841	385.841	157	0	1	
3	1	1	386.089	386.089	160	2	1	
2	2	1	386.28	386.28	156	1	1	
3	0	1	386.516	386.516	157	3	1	
2	0	1	386.699	386.699	150	2	1	
3	1	1	386.925	386.925	161	4	1	
3	0	1	387.102	387.102	156	3	1	
3	1	1	387.317	387.317	162	2	1	
2	0	0	387.592	387.592	155	1	1	
2	0	1	387.971	387.971	155	1	1	
2	0	1	388.262	388.262	158	3	1	
3	3	1	388.477	388.477	158	5	1	
3	1	1	388.648	388.648	155	4	1	
3	1	1	388.855	388.855	164	3	1	
3	0	1	389.115	389.115	150	2	1	
3	0	1	389.468	389.468	165	1	1	
2	0	0	390.011	390.011	163	0	1	
2	1	0	391.202	391.202	166	0	1	
2	0	1	391.811	391.811	163	0	1	
2	1	1	392.221	392.221	167	2	1	
3	0	1	392.496	392.496	163	4	1	
3	2	1	392.702	392.702	169	3	1	
3	1	1	392.963	392.963	167	2	1	
3	0	1	393.315	393.315	168	1	1	
2	0	0	393.858	393.858	166	0	1	
2	0	1	395.049	395.049	166	0	1	
3	1	1	395.659	395.659	171	2	1	
3	0	1	396.011	396.011	166	1	1	
2	0	1	396.554	396.554	170	0	1	
3	0	1	397.745	397.745	170	2	1	
3	0	1	398.235	398.235	172	1	1	
0	0	2	399.197	399.197	0	0	1	
1	0	1	424.197	424.197	173	0	1	
2	1	0	429.197	429.197	174	0	1	
2	2	1	429.806	429.806	175	0	1	
2	0	0	430.216	430.216	173	2	1	
0	0	2	430.491	430.491	0	2	1	
2	0	1	430.716	430.716	173	2	1	
2	1	1	430.933	430.933	177	4	1	
3	3	1	431.106	431.106	179	6	1	
3	2	1	431.249	431.249	173	5	1	
3	3	1	431.415	431.415	180	4	1	
3	1	1	431.615	431.615	176	3	1	
3	0	1	431.865	431.865	175	2	1	
3	0	1	432.199	432.199	177	1	1	
2	0	1	432.699	432.699	174	0	1	
3	1	1	433.699	433.699	181	2	1	
3	0	1	434.153	434.153	174	1	1	
1	0	0	434.987	434.987	178	0	1	
1	1	1	439.987	439.987	182	0	1	
2	1	1	442.764	442.764	183	0	1	
2	0	1	443.32	443.32	182	2	1	
3	1	1	443.653	443.653	184	4	1	
3	2	1	443.891	443.891	185	3	1	
3	0	1	444.204	444.204	183	2	1	
3	0	1	444.658	444.658	182	1	1	
0	0	2	445.492	445.492	0	0	1	
1	0	0	450.492	450.492	178	0	1	
1	0	0	453.27	453.27	178	0	1	
1	1	0	455.193	455.193	186	0	1	
1	0	0	456.663	456.663	178	0	1	
1	3	1	457.854	457.854	188	0	1	
2	0	0	458.854	458.854	188	0	1	
2	0	0	459.264	459.264	188	0	1	
2	2	0	459.572	459.572	192	0	1	
2	4	0	459.82	459.82	194	0	1	
2	4	1	460.026	460.026	194	0	1	
2	0	1	460.204	460.204	188	2	1	
2	0	1	460.35	460.35	191	4	1	
2	2	1	460.474	460.474	195	6	1	
3	7	1	460.582	460.582	199	8	1	
3	3	1	460.678	460.678	197	7	1	
3	1	1	460.784	460.784	196	6	1	
3	4	1	460.903	460.903	195	5	1	
3	0	1	461.037	461.037	194	4	1	
2	0	0	461.192	461.192	192	3	1	
3	1	1	461.376	461.376	191	3	1	
3	0	1	461.536	461.536	188	2	1	
2	0	0	461.727	461.727	192	1	1	
2	0	0	461.963	461.963	192	1	1	
2	2	1	462.161	462.161	200	1	1	
2	2	1	462.333	462.333	201	3	1	
3	1	1	462.475	462.475	200	5	1	
3	1	1	462.596	462.596	203	4	1	
2	2	0	462.734	462.734	202	3	1	
3	0	1	462.894	462.894	198	3	1	
2	2	1	463.037	463.037	202	2	1	
3	0	1	463.202	463.202	201	4	1	
1	1	0	463.34	463.34	186	3	1	
2	1	1	463.5	463.5	193	3	1	
1	0	1	463.657	463.657	178	5	1	
2	3	1	463.788	463.788	209	5	1	
2	0	1	463.899	463.899	192	7	1	
3	6	1	463.997	463.997	210	9	1	
2	0	1	464.084	464.084	205	8	1	
3	7	1	464.18	464.18	211	10	1	
3	3	1	464.266	464.266	193	9	1	
1	1	0	464.36	464.36	187	8	1	
3	6	1	464.463	464.463	205	8	1	
3	6	1	464.565	464.565	212	7	1	
3	3	1	464.679	464.679	208	6	1	
3	3	1	464.807	464.807	209	5	1	
3	2	1	464.954	464.954	206	4	1	
3	0	1	465.127	465.127	204	3	1	
3	0	1	465.335	465.335	202	2	1	
2	0	0	465.598	465.598	178	1	1	
1	2	1	465.955	465.955	189	1	1	
2	1	0	466.233	466.233	214	1	1	
1	0	0	466.432	466.432	186	1	1	
3	0	1	466.603	466.603	192	1	1	
1	0	1	466.769	466.769	186	0	1	
2	5	1	466.969	466.969	186	0	1	
3	0	1	467.125	467.125	186	2	1	
1	4	1	467.256	467.256	217	1	1	
2	4	1	467.406	467.406	216	1	1	
2	3	0	467.53	467.53	215	3	1	
2	0	1	467.638	467.638	178	3	1	
3	0	1	467.737	467.737	219	5	1	
1	1	0	467.826	467.826	190	4	1	
2	1	1	467.923	467.923	189	4	1	
3	3	1	468.019	468.019	223	6	1	
2	1	1	468.105	468.105	215	5	1	
2	3	0	468.199	468.199	220	7	1	
2	3	0	468.283	468.283	220	7	1	
2	4	1	468.362	468.362	222	7	1	
3	5	1	468.437	468.437	215	9	1	
2	2	1	468.505	468.505	217	8	1	
3	5	1	468.578	468.578	226	10	1	
3	3	1	468.646	468.646	189	9	1	
1	2	1	468.718	468.718	207	8	1	
3	5	1	468.796	468.796	229	8	1	
2	3	0	468.866	468.866	227	7	1	
3	3	1	468.941	468.941	225	7	1	
3	3	1	469.012	469.012	222	6	1	
3	3	1	469.089	469.089	217	5	1	
3	3	1	469.171	469.171	230	4	1	
2	2	1	469.262	469.262	220	3	1	
3	4	1	469.361	469.361	233	5	1	
3	0	1	469.449	469.449	216	4	1	
2	3	1	469.547	469.547	228	3	1	
2	3	0	469.654	469.654	207	5	1	
3	3	1	469.75	469.75	228	5	1	
3	0	1	469.839	469.839	221	4	1	
2	5	0	469.936	469.936	232	3	1	
1	0	0	470.044	470.044	187	3	1	
2	4	1	470.143	470.143	231	3	1	
2	6	1	470.24	470.24	236	5	1	
1	1	1	470.328	470.328	190	7	1	
1	1	1	470.407	470.407	213	7	1	
2	7	1	470.478	470.478	240	7	1	
2	2	0	470.542	470.542	227	9	1	
3	3	1	470.602	470.602	231	9	1	
2	9	0	470.659	470.659	243	8	1	
2	5	0	470.72	470.72	235	8	1	
3	7	1	470.778	470.778	242	8	1	
3	5	1	470.833	470.833	239	7	1	
2	5	1	470.891	470.891	235	6	1	
3	4	1	470.953	470.953	236	8	1	
2	5	1	471.011	471.011	190	7	1	
3	7	1	471.072	471.072	190	9	1	
2	6	0	471.129	471.129	241	8	1	
2	8	1	471.19	471.19	244	8	1	
3	0	1	471.248	471.248	178	10	1	
2	1	1	471.302	471.302	218	9	1	
3	9	1	471.359	471.359	218	11	1	
2	0	1	471.412	471.412	214	10	1	
2	0	0	471.468	471.468	227	12	1	
2	7	1	471.521	471.521	248	12	1	
2	6	0	471.572	471.572	245	14	1	
2	3	0	471.62	471.62	213	14	1	
2	7	1	471.666	471.666	252	14	1	
3	7	1	471.71	471.71	244	16	1	
3	3	1	471.752	471.752	240	15	1	
3	1	1	471.796	471.796	234	14	1	
2	3	1	471.842	471.842	213	13	1	
3	6	1	471.891	471.891	250	15	1	
3	8	1	471.936	471.936	248	14	1	
2	6	1	471.984	471.984	254	13	1	
3	3	1	472.034	472.034	246	15	1	
3	11	1	472.082	472.082	257	14	1	
3	7	1	472.131	472.131	253	13	1	
3	9	1	472.184	472.184	213	12	1	
3	4	1	472.239	472.239	249	11	1	
2	4	0	472.297	472.297	243	10	1	
3	0	1	472.359	472.359	220	10	1	
2	4	0	472.418	472.418	243	9	1	
2	1	1	472.481	472.481	207	9	1	
2	4	1	472.541	472.541	245	11	1	
2	2	1	472.597	472.597	241	13	1	
2	3	1	472.649	472.649	255	15	1	
3	6	1	472.698	472.698	256	17	1	
3	15	1	472.745	472.745	264	16	1	
2	1	1	472.794	472.794	232	15	1	
3	12	1	472.845	472.845	241	17	1	
3	8	1	472.893	472.893	207	16	1	
3	2	1	472.944	472.944	247	15	1	
3	11	1	472.997	472.997	255	14	1	
3	7	1	473.054	473.054	261	13	1	
2	0	1	473.113	473.113	227	12	1	
3	2	1	473.177	473.177	214	14	1	
3	0	1	473.236	473.236	238	13	1	
3	10	1	473.299	473.299	227	12	1	
3	10	1	473.366	473.366	266	11	1	
3	4	1	473.438	473.438	258	10	1	
2	2	1	473.515	473.515	260	9	1	
3	4	1	473.599	473.599	245	11	1	
3	7	1	473.675	473.675	265	10	1	
3	8	1	473.758	473.758	267	9	1	
3	6	1	473.848	473.848	232	8	1	
3	3	1	473.947	473.947	254	7	1	
3	5	1	474.056	474.056	260	6	1	
3	2	1	474.179	474.179	252	5	1	
3	0	1	474.32	474.32	235	4	1	
1	1	0	474.483	474.483	224	3	1	
2	1	1	474.679	474.679	259	3	1	
3	4	1	474.868	474.868	269	5	1	
3	1	1	475.022	475.022	262	4	1	
3	1	1	475.205	475.205	263	3	1	
1	1	0	475.428	475.428	224	2	1	
1	3	1	475.715	475.715	268	2	1	
2	0	0	475.99	475.99	243	2	1	
2	3	0	476.187	476.187	272	2	1	
2	3	0	476.357	476.357	272	2	1	
2	2	1	476.507	476.507	271	2	1	
1	3	0	476.64	476.64	270	4	1	
3	2	1	476.756	476.756	271	4	1	
3	2	1	476.869	476.869	275	3	1	
2	2	0	476.996	476.996	272	2	1	
3	0	1	477.142	477.142	251	2	1	
3	0	1	477.273	477.273	259	1	1	
1	4	0	477.424	477.424	276	0	1	
2	3	0	477.601	477.601	273	0	1	
1	4	0	477.774	477.774	276	0	1	
2	1	1	477.925	477.925	268	0	1	
2	0	1	478.073	478.073	243	2	1	
2	3	0	478.199	478.199	277	4	1	
2	0	1	478.308	478.308	272	4	1	
3	5	1	478.408	478.408	284	6	1	
2	1	1	478.498	478.498	274	5	1	
2	1	1	478.596	478.596	277	7	1	
2	2	1	478.684	478.684	283	9	1	
3	5	1	478.764	478.764	274	11	1	
3	3	1	478.837	478.837	282	10	1	
2	1	1	478.915	478.915	279	9	1	
3	1	1	479	479	281	11	1	
3	6	1	479.077	479.077	283	10	1	
3	3	1	479.161	479.161	285	9	1	
1	4	0	479.252	479.252	276	8	1	
1	2	1	479.352	479.352	237	8	1	
3	2	1	479.451	479.451	272	8	1	
3	2	1	479.538	479.538	277	7	1	
3	2	1	479.632	479.632	286	6	1	
2	1	1	479.737	479.737	237	5	1	
3	6	1	479.854	479.854	291	7	1	
3	3	1	479.956	479.956	279	6	1	
1	3	1	480.071	480.071	276	5	1	
2	1	0	480.199	480.199	290	5	1	
3	2	1	480.308	480.308	287	5	1	
3	1	1	480.408	480.408	243	4	1	
2	2	1	480.519	480.519	276	3	1	
3	0	1	480.644	480.644	268	5	1	
2	3	1	480.753	480.753	293	4	1	
3	5	1	480.875	480.875	295	6	1	
3	0	1	480.981	480.981	288	5	1	
3	1	1	481.1	481.1	276	4	1	
2	1	1	481.235	481.235	290	3	1	
3	4	1	481.392	481.392	296	5	1	
3	2	1	481.523	481.523	293	4	1	
3	2	1	481.675	481.675	290	3	1	
3	1	1	481.853	481.853	294	2	1	
3	0	1	482.071	482.071	237	1	1	
2	1	0	482.349	482.349	292	0	1	
2	0	1	482.733	482.733	273	0	1	
2	1	0	483.027	483.027	297	2	1	
1	4	1	483.245	483.245	280	2	1	
2	3	0	483.43	483.43	280	2	1	
1	1	1	483.576	483.576	224	2	1	
3	0	1	483.707	483.707	273	2	1	
2	6	1	483.817	483.817	224	1	1	
2	1	1	483.941	483.941	297	3	1	
2	0	0	484.049	484.049	292	5	1	
2	1	0	484.144	484.144	299	5	1	
2	3	1	484.233	484.233	300	5	1	
2	3	0	484.315	484.315	301	7	1	
3	4	1	484.391	484.391	304	7	1	
3	4	1	484.462	484.462	300	6	1	
2	4	1	484.538	484.538	302	5	1	
3	3	1	484.621	484.621	297	7	1	
1	2	1	484.696	484.696	278	6	1	
2	0	1	484.778	484.778	292	6	1	
2	0	1	484.851	484.851	299	8	1	
3	3	1	484.918	484.918	307	10	1	
3	1	1	484.98	484.98	224	9	1	
3	5	1	485.046	485.046	311	8	1	
2	1	1	485.117	485.117	301	7	1	
3	2	1	485.193	485.193	302	9	1	
3	4	1	485.263	485.263	299	8	1	
3	4	1	485.338	485.338	312	7	1	
3	2	1	485.419	485.419	309	6	1	
2	0	0	485.507	485.507	280	5	1	
3	4	1	485.604	485.604	313	5	1	
2	0	0	485.694	485.694	280	4	1	
2	1	1	485.793	485.793	305	4	1	
2	5	1	485.884	485.884	314	6	1	
2	4	0	485.967	485.967	310	8	1	
3	3	1	486.042	486.042	301	8	1	
3	1	1	486.113	486.113	303	7	1	
3	0	1	486.189	486.189	298	6	1	
3	4	1	486.272	486.272	317	5	1	
3	3	1	486.362	486.362	314	4	1	
2	5	1	486.46	486.46	315	3	1	
2	1	1	486.57	486.57	306	5	1	
2	1	0	486.667	486.667	308	7	1	
2	3	1	486.754	486.754	310	7	1	
2	2	1	486.835	486.835	278	9	1	
3	2	1	486.909	486.909	316	11	1	
3	4	1	486.977	486.977	306	10	1	
2	1	1	487.05	487.05	308	9	1	
3	0	1	487.128	487.128	292	11	1	
3	6	1	487.2	487.2	278	10	1	
3	0	1	487.277	487.277	305	9	1	
2	1	1	487.361	487.361	318	8	1	
2	0	1	487.453	487.453	280	10	1	
3	9	1	487.535	487.535	325	12	1	
3	9	1	487.611	487.611	280	11	1	
3	9	1	487.692	487.692	326	10	1	
1	0	1	487.78	487.78	187	9	1	
3	0	1	487.877	487.877	315	9	1	
3	2	1	487.962	487.962	310	8	1	
2	1	1	488.055	488.055	187	7	1	
3	2	1	488.157	488.157	322	9	1	
3	2	1	488.249	488.249	323	8	1	
3	6	1	488.349	488.349	328	7	1	
3	4	1	488.461	488.461	318	6	1	
3	2	1	488.586	488.586	308	5	1	
1	0	1	488.73	488.73	270	4	1	
2	1	0	488.898	488.898	327	4	1	
3	3	1	489.033	489.033	187	4	1	
2	0	0	489.155	489.155	321	3	1	
2	2	1	489.294	489.294	270	3	1	
3	1	1	489.419	489.419	320	5	1	
3	2	1	489.527	489.527	270	4	1	
2	2	1	489.649	489.649	329	3	1	
3	1	1	489.788	489.788	324	5	1	
2	1	1	489.907	489.907	327	4	1	
3	5	1	490.042	490.042	334	6	1	
3	4	1	490.159	490.159	327	5	1	
1	0	1	490.29	490.29	289	4	1	
2	4	0	490.442	490.442	335	4	1	
2	0	1	490.566	490.566	321	4	1	
3	2	1	490.679	490.679	329	6	1	
2	2	1	490.779	490.779	289	5	1	
2	0	1	490.89	490.89	330	7	1	
3	6	1	490.987	490.987	338	9	1	
3	6	1	491.075	491.075	330	8	1	
3	3	1	491.17	491.17	321	7	1	
3	2	1	491.276	491.276	333	6	1	
2	1	0	491.395	491.395	335	5	1	
2	2	1	491.529	491.529	336	5	1	
3	4	1	491.651	491.651	339	7	1	
3	0	1	491.756	491.756	319	6	1	
2	2	0	491.875	491.875	340	5	1	
3	0	1	492.009	492.009	332	5	1	
2	3	1	492.131	492.131	342	4	1	
3	0	1	492.269	492.269	337	6	1	
3	0	1	492.387	492.387	289	5	1	
2	0	1	492.522	492.522	331	4	1	
3	3	1	492.677	492.677	343	6	1	
3	3	1	492.808	492.808	331	5	1	
2	1	1	492.959	492.959	340	4	1	
2	0	1	493.136	493.136	335	6	1	
3	1	1	493.282	493.282	341	8	1	
3	4	1	493.406	493.406	345	7	1	
3	2	1	493.548	493.548	344	6	1	
3	4	1	493.714	493.714	346	5	1	
3	2	1	493.912	493.912	340	4	1	
3	0	1	494.16	494.16	336	3	1	
3	0	1	494.489	494.489	342	2	1	
3	0	1	494.979	494.979	335	1	1	
0	0	2	495.941	495.941	0	0	1	
1	0	1	520.941	520.941	347	0	1	
2	0	0	525.941	525.941	347	0	1	
2	1	1	526.55	526.55	348	0	1	
3	1	1	526.96	526.96	350	2	1	
2	1	1	527.235	527.235	349	1	1	
3	2	1	527.614	527.614	351	3	1	
2	0	0	527.874	527.874	347	2	1	
2	1	0	528.226	528.226	352	2	1	
2	2	1	528.501	528.501	353	2	1	
2	1	1	528.726	528.726	352	4	1	
3	1	1	528.904	528.904	349	6	1	
3	3	1	529.05	529.05	352	5	1	
3	3	1	529.221	529.221	355	4	1	
3	2	1	529.428	529.428	354	3	1	
2	0	0	529.688	529.688	347	2	1	
2	0	1	530.04	530.04	347	2	1	
2	0	1	530.315	530.315	356	4	1	
3	4	1	530.521	530.521	356	6	1	
3	0	1	530.687	530.687	348	5	1	
3	0	1	530.885	530.885	353	4	1	
3	2	1	531.133	531.133	358	3	1	
3	1	1	531.462	531.462	357	2	1	
3	0	1	531.952	531.952	347	1	1	
0	0	2	532.914	532.914	0	0	1	
1	0	1	557.914	557.914	359	0	1	
2	1	1	562.914	562.914	360	0	1	
3	1	1	563.523	563.523	361	2	1	
3	0	1	563.875	563.875	360	1	1	
2	0	1	564.419	564.419	359	0	1	
3	0	1	565.609	565.609	359	2	1	
3	0	1	566.1	566.1	362	1	1	
0	0	2	567.061	567.061	0	0	1	
1	0	0	592.061	592.061	363	0	1	
1	1	1	597.061	597.061	364	0	1	
2	0	1	599.839	599.839	364	0	1	
3	1	1	600.395	600.395	366	2	1	
3	0	1	600.728	600.728	364	1	1	
2	0	0	601.228	601.228	365	0	1	
2	0	1	602.228	602.228	365	0	1	
2	0	1	602.783	602.783	367	2	1	
3	0	1	603.117	603.117	365	4	1	
3	1	1	603.355	603.355	367	3	1	
3	1	1	603.667	603.667	369	2	1	
3	0	1	604.122	604.122	368	1	1	
1	0	0	604.955	604.955	363	0	1	
0	0	2	609.955	609.955	0	0	1	
1	0	1	612.733	612.733	363	0	1	
2	0	1	614.656	614.656	363	0	1	
3	0	1	615.166	615.166	363	2	1	
2	0	1	615.483	615.483	372	1	1	
3	0	1	615.946	615.946	373	3	1	
1	0	1	616.243	616.243	370	2	1	
3	0	1	616.667	616.667	372	2	1	
2	1	0	616.93	616.93	375	1	1	
2	2	1	617.287	617.287	376	1	1	
3	2	1	617.565	617.565	377	3	1	
2	1	1	617.773	617.773	375	2	1	
0	0	2	618.037	618.037	0	4	1	
3	0	1	618.237	618.237	374	4	1	
3	2	1	618.43	618.43	378	3	1	
3	1	1	618.671	618.671	375	2	1	
3	0	1	618.987	618.987	376	1	1	
2	0	1	619.45	619.45	370	0	1	
3	1	1	620.312	620.312	380	2	1	
3	0	1	620.736	620.736	370	1	1	
1	0	0	621.471	621.471	371	0	1	
1	0	1	624.249	624.249	371	0	1	
1	0	1	626.172	626.172	379	0	1	
2	2	1	626.682	626.682	379	0	1	
2	0	1	626.976	626.976	371	2	1	
3	1	1	627.194	627.194	384	4	1	
3	1	1	627.366	627.366	371	3	1	
3	0	1	627.575	627.575	379	2	1	
2	0	0	627.838	627.838	382	1	1	
2	2	1	628.195	628.195	386	1	1	
3	2	1	628.473	628.473	387	3	1	
2	0	1	628.681	628.681	382	2	1	
3	3	1	628.944	628.944	388	4	1	
2	0	1	629.144	629.144	383	3	1	
3	0	1	629.394	629.394	385	5	1	
0	0	2	629.586	629.586	0	4	1	
3	1	1	629.825	629.825	382	4	1	
3	1	1	630.054	630.054	383	3	1	
1	0	1	630.352	630.352	381	2	1	
2	1	0	630.775	630.775	391	2	1	
3	0	1	631.038	631.038	386	2	1	
3	0	1	631.256	631.256	389	1	1	
2	2	0	631.534	631.534	392	0	1	
2	1	1	631.918	631.918	391	0	1	
3	1	1	632.212	632.212	394	2	1	
2	2	0	632.43	632.43	393	1	1	
3	0	1	632.708	632.708	391	1	1	
2	2	1	632.935	632.935	393	0	1	
2	1	1	633.229	633.229	392	2	1	
3	1	1	633.446	633.446	396	4	1	
2	0	1	633.619	633.619	381	3	1	
3	3	1	633.827	633.827	381	5	1	
3	0	1	633.994	633.994	393	4	1	
3	0	1	634.194	634.194	392	3	1	
3	0	1	634.444	634.444	397	2	1	
3	0	1	634.777	634.777	398	1	1	
2	0	0	635.277	635.277	395	0	1	
2	1	1	636.277	636.277	399	0	1	
3	1	1	636.833	636.833	400	2	1	
3	0	1	637.166	637.166	399	1	1	
1	0	1	637.666	637.666	390	0	1	
2	0	1	638.666	638.666	395	0	1	
3	0	1	639.076	639.076	395	2	1	
3	0	1	639.35	639.35	402	1	1	
2	0	0	639.729	639.729	390	0	1	
2	1	1	640.339	640.339	401	0	1	
2	0	0	640.749	640.749	390	2	1	
2	2	1	641.024	641.024	405	2	1	
3	3	1	641.249	641.249	406	4	1	
2	1	1	641.426	641.426	403	3	1	
3	2	1	641.642	641.642	405	5	1	
3	3	1	641.813	641.813	407	4	1	
3	1	1	642.019	642.019	404	3	1	
3	0	1	642.28	642.28	401	2	1	
3	0	1	642.632	642.632	403	1	1	
2	0	0	643.175	643.175	390	0	1	
0	0	2	644.366	644.366	0	0	1	
1	0	1	644.976	644.976	409	0	1	
2	3	1	645.531	645.531	410	0	1	
2	0	1	645.84	645.84	390	2	1	
3	3	1	646.065	646.065	412	4	1	
2	1	1	646.242	646.242	409	3	1	
3	1	1	646.458	646.458	411	5	1	
2	0	1	646.629	646.629	408	4	1	
3	1	1	646.836	646.836	390	6	1	
3	3	1	647.001	647.001	408	5	1	
3	3	1	647.2	647.2	414	4	1	
3	1	1	647.447	647.447	409	3	1	
3	1	1	647.776	647.776	413	2	1	
3	0	1	648.266	648.266	410	1	1	
0	0	2	649.228	649.228	0	0	1	
1	0	1	674.228	674.228	415	0	1	
2	1	1	679.228	679.228	416	0	1	
3	1	1	679.838	679.838	417	2	1	
3	0	1	680.19	680.19	416	1	1	
2	0	1	680.733	680.733	415	0	1	
3	1	1	681.924	681.924	418	2	1	
3	0	1	682.414	682.414	415	1	1	
0	0	2	683.376	683.376	0	0	1	
0	0	2	708.376	708.376	0	0	1	
1	1	1	713.376	713.376	420	0	1	
2	1	0	716.153	716.153	421	0	1	
2	2	0	716.709	716.709	422	0	1	
2	1	1	717.094	717.094	421	0	1	
1	0	0	717.388	717.388	419	2	1	
3	0	1	717.605	717.605	421	2	1	
2	2	0	717.815	717.815	423	1	1	
2	1	1	718.081	718.081	422	1	1	
3	0	1	718.3	718.3	424	3	1	
3	1	1	718.474	718.474	427	2	1	
3	0	1	718.684	718.684	422	1	1	
2	2	0	718.95	718.95	426	0	1	
2	1	1	719.312	719.312	423	0	1	
2	2	0	719.593	719.593	428	2	1	
1	0	0	719.803	719.803	419	2	1	
3	1	1	719.983	719.983	429	2	1	
2	3	1	720.158	720.158	430	1	1	
3	0	1	720.37	720.37	423	3	1	
2	2	0	720.539	720.539	428	2	1	
3	1	1	720.742	720.742	432	2	1	
2	3	0	720.917	720.917	433	1	1	
2	2	1	721.129	721.129	428	1	1	
3	2	1	721.31	721.31	435	3	1	
3	0	1	721.459	721.459	430	2	1	
2	1	0	721.634	721.634	426	1	1	
2	0	0	721.845	721.845	420	1	1	
1	1	1	722.027	722.027	425	1	1	
2	7	1	722.185	722.185	438	1	1	
2	0	1	722.314	722.314	420	3	1	
3	1	1	722.425	722.425	438	5	1	
3	2	1	722.524	722.524	420	4	1	
3	1	1	722.633	722.633	439	3	1	
2	0	0	722.755	722.755	426	2	1	
2	0	1	722.895	722.895	426	2	1	
3	2	1	723.021	723.021	426	4	1	
2	2	0	723.13	723.13	436	3	1	
2	5	0	723.252	723.252	441	3	1	
3	0	1	723.364	723.364	428	3	1	
2	0	1	723.466	723.466	433	2	1	
2	4	1	723.581	723.581	441	4	1	
2	4	1	723.681	723.681	443	6	1	
3	4	1	723.771	723.771	441	8	1	
3	2	1	723.852	723.852	433	7	1	
2	0	0	723.94	723.94	434	6	1	
2	4	1	724.036	724.036	444	6	1	
2	0	1	724.126	724.126	434	8	1	
3	0	1	724.207	724.207	440	10	1	
3	0	1	724.28	724.28	442	9	1	
3	7	1	724.36	724.36	450	8	1	
2	1	0	724.446	724.446	437	7	1	
2	2	0	724.541	724.541	425	7	1	
3	0	1	724.629	724.629	445	7	1	
3	0	1	724.711	724.711	446	6	1	
2	2	1	724.801	724.801	425	5	1	
2	2	0	724.899	724.899	448	7	1	
2	4	0	724.987	724.987	452	7	1	
3	0	1	725.07	725.07	443	7	1	
2	0	1	725.147	725.147	436	6	1	
3	0	1	725.23	725.23	447	8	1	
2	4	1	725.306	725.306	454	7	1	
3	5	1	725.389	725.389	436	9	1	
3	5	1	725.464	725.464	456	8	1	
3	4	1	725.544	725.544	453	7	1	
2	0	0	725.633	725.633	437	6	1	
2	0	1	725.729	725.729	437	6	1	
2	4	0	725.819	725.819	458	8	1	
2	2	1	725.9	725.9	452	8	1	
3	8	1	725.976	725.976	452	10	1	
3	5	1	726.045	726.045	457	9	1	
3	2	1	726.12	726.12	434	8	1	
2	4	1	726.201	726.201	460	7	1	
3	4	1	726.289	726.289	437	9	1	
3	1	1	726.369	726.369	449	8	1	
3	2	1	726.455	726.455	454	7	1	
2	3	0	726.55	726.55	458	6	1	
3	3	1	726.654	726.654	461	6	1	
3	2	1	726.751	726.751	459	5	1	
3	0	1	726.858	726.858	444	4	1	
3	2	1	726.977	726.977	462	3	1	
3	0	1	727.113	727.113	425	2	1	
2	1	1	727.27	727.27	451	1	1	
3	1	1	727.457	727.457	451	3	1	
2	0	1	727.609	727.609	448	2	1	
3	3	1	727.789	727.789	465	4	1	
2	2	0	727.937	727.937	463	3	1	
3	2	1	728.111	728.111	448	3	1	
2	0	1	728.263	728.263	455	2	1	
2	2	1	728.443	728.443	466	4	1	
3	4	1	728.591	728.591	466	6	1	
3	4	1	728.717	728.717	468	5	1	
3	2	1	728.86	728.86	455	4	1	
3	2	1	729.028	729.028	467	3	1	
1	0	0	729.23	729.23	419	2	1	
3	1	1	729.482	729.482	464	2	1	
3	0	1	729.725	729.725	460	1	1	
1	2	1	730.046	730.046	469	0	1	
2	1	1	730.517	730.517	463	0	1	
2	0	0	730.798	730.798	458	2	1	
0	0	2	731.008	731.008	0	2	1	
2	2	0	731.188	731.188	470	2	1	
2	3	1	731.363	731.363	472	2	1	
3	3	1	731.516	731.516	475	4	1	
3	2	1	731.646	731.646	472	3	1	
3	0	1	731.795	731.795	463	2	1	
2	1	1	731.969	731.969	469	1	1	
3	0	1	732.181	732.181	471	3	1	
3	1	1	732.35	732.35	476	2	1	
3	0	1	732.553	732.553	469	1	1	
2	1	1	732.809	732.809	470	0	1	
3	1	1	733.151	733.151	477	2	1	
3	0	1	733.394	733.394	470	1	1	
1	1	1	733.714	733.714	431	0	1	
1	1	1	734.186	734.186	473	0	1	
2	4	1	734.467	734.467	473	0	1	
3	1	1	734.667	734.667	480	2	1	
2	0	1	734.828	734.828	458	1	1	
2	0	1	735.02	735.02	474	3	1	
3	1	1	735.177	735.177	458	5	1	
3	2	1	735.308	735.308	474	4	1	
2	2	1	735.46	735.46	479	3	1	
3	4	1	735.638	735.638	483	5	1	
2	1	1	735.785	735.785	478	4	1	
3	1	1	735.958	735.958	481	6	1	
3	2	1	736.101	736.101	479	5	1	
3	3	1	736.267	736.267	484	4	1	
2	0	0	736.467	736.467	431	3	1	
3	2	1	736.717	736.717	478	3	1	
3	1	1	736.926	736.926	482	2	1	
3	0	1	737.189	737.189	473	1	1	
2	0	1	737.546	737.546	431	0	1	
3	1	1	738.102	738.102	486	2	1	
2	0	0	738.435	738.435	485	1	1	
3	0	1	738.935	738.935	431	1	1	
2	1	1	739.292	739.292	487	0	1	
3	0	1	739.848	739.848	487	2	1	
3	0	1	740.181	740.181	488	1	1	
2	0	0	740.681	740.681	485	0	1	
2	1	0	741.681	741.681	489	0	1	
2	0	1	742.236	742.236	485	0	1	
3	0	1	742.621	742.621	485	2	1	
3	0	1	742.884	742.884	491	1	1	
2	0	1	743.241	743.241	489	0	1	
3	0	1	743.797	743.797	489	2	1	
3	0	1	744.13	744.13	492	1	1	
1	0	1	744.63	744.63	419	0	1	
2	1	1	745.63	745.63	419	0	1	
3	0	1	746.04	746.04	419	2	1	
2	1	0	746.315	746.315	493	1	1	
2	0	1	746.694	746.694	490	1	1	
2	1	1	746.984	746.984	495	3	1	
3	3	1	747.2	747.2	495	5	1	
3	3	1	747.371	747.371	497	4	1	
3	1	1	747.578	747.578	490	3	1	
2	0	0	747.838	747.838	493	2	1	
2	1	1	748.19	748.19	498	2	1	
3	0	1	748.465	748.465	494	4	1	
3	2	1	748.672	748.672	499	3	1	
2	0	1	748.932	748.932	493	2	1	
3	3	1	749.284	749.284	500	4	1	
3	2	1	749.532	749.532	493	3	1	
3	0	1	749.861	749.861	496	2	1	
3	0	1	750.351	750.351	498	1	1	
0	0	2	751.312	751.312	0	0	1	
1	0	0	776.312	776.312	501	0	1	
1	0	0	781.312	781.312	501	0	1	
1	2	1	784.09	784.09	503	0	1	
2	0	1	786.013	786.013	503	0	1	
3	0	1	786.523	786.523	503	2	1	
2	0	0	786.84	786.84	504	1	1	
2	0	1	787.303	787.303	504	1	1	
1	0	0	787.641	787.641	501	3	1	
1	0	1	787.881	787.881	501	3	1	
2	2	0	788.112	788.112	509	3	1	
3	1	1	788.286	788.286	504	3	1	
2	0	1	788.439	788.439	506	2	1	
3	3	1	788.618	788.618	511	4	1	
1	0	0	788.766	788.766	502	3	1	
2	0	1	788.94	788.94	501	3	1	
3	0	1	789.109	789.109	505	5	1	
3	2	1	789.249	789.249	501	4	1	
3	0	1	789.413	789.413	507	3	1	
2	1	0	789.608	789.608	510	2	1	
3	0	1	789.851	789.851	506	2	1	
3	0	1	790.054	790.054	513	1	1	
2	0	1	790.309	790.309	509	0	1	
3	1	1	790.652	790.652	515	2	1	
2	0	1	790.894	790.894	510	1	1	
1	2	1	791.215	791.215	512	3	1	
2	0	0	791.446	791.446	514	3	1	
2	2	1	791.62	791.62	517	3	1	
2	2	0	791.772	791.772	518	5	1	
3	4	1	791.901	791.901	519	5	1	
3	0	1	792.018	792.018	509	4	1	
2	3	0	792.15	792.15	520	3	1	
2	2	1	792.303	792.303	518	3	1	
3	2	1	792.439	792.439	517	5	1	
2	2	0	792.555	792.555	520	4	1	
3	3	1	792.688	792.688	522	4	1	
3	1	1	792.807	792.807	516	3	1	
2	1	0	792.943	792.943	512	2	1	
2	2	0	793.1	793.1	520	2	1	
2	0	1	793.24	793.24	514	2	1	
3	1	1	793.366	793.366	518	4	1	
2	2	0	793.475	793.475	521	3	1	
3	2	1	793.597	793.597	526	3	1	
3	1	1	793.709	793.709	514	2	1	
2	0	1	793.835	793.835	512	1	1	
2	0	1	793.978	793.978	520	3	1	
2	3	1	794.101	794.101	525	5	1	
2	1	0	794.208	794.208	523	7	1	
3	2	1	794.302	794.302	528	7	1	
2	0	1	794.39	794.39	521	6	1	
3	2	1	794.487	794.487	520	8	1	
2	1	0	794.573	794.573	524	7	1	
3	1	1	794.668	794.668	512	7	1	
3	2	1	794.756	794.756	525	6	1	
2	2	1	794.853	794.853	527	5	1	
3	2	1	794.96	794.96	530	7	1	
3	2	1	795.054	795.054	521	6	1	
2	3	1	795.159	795.159	533	5	1	
3	3	1	795.276	795.276	527	7	1	
3	4	1	795.378	795.378	533	6	1	
3	1	1	795.492	795.492	529	5	1	
3	2	1	795.621	795.621	534	4	1	
2	1	1	795.769	795.769	524	3	1	
3	1	1	795.943	795.943	532	5	1	
3	0	1	796.086	796.086	510	4	1	
3	1	1	796.254	796.254	524	3	1	
3	1	1	796.456	796.456	536	2	1	
2	1	0	796.708	796.708	531	1	1	
1	0	1	797.046	797.046	502	1	1	
2	3	0	797.312	797.312	502	1	1	
2	1	1	797.504	797.504	531	1	1	
3	1	1	797.671	797.671	531	3	1	
3	1	1	797.81	797.81	540	2	1	
3	0	1	797.971	797.971	535	1	1	
2	0	0	798.164	798.164	523	0	1	
1	0	1	798.402	798.402	508	0	1	
2	5	1	798.602	798.602	541	0	1	
2	6	1	798.757	798.757	542	2	1	
3	2	1	798.888	798.888	542	4	1	
2	0	1	799.001	799.001	523	3	1	
2	3	1	799.129	799.129	539	5	1	
2	1	1	799.239	799.239	502	7	1	
2	0	1	799.337	799.337	537	9	1	
3	10	1	799.424	799.424	548	11	1	
3	1	1	799.503	799.503	543	10	1	
3	1	1	799.589	799.589	544	9	1	
3	4	1	799.683	799.683	546	8	1	
3	3	1	799.787	799.787	539	7	1	
3	0	1	799.903	799.903	541	6	1	
3	3	1	800.034	800.034	547	5	1	
3	1	1	800.184	800.184	545	4	1	
3	2	1	800.361	800.361	537	3	1	
2	1	1	800.577	800.577	508	2	1	
3	2	1	800.852	800.852	508	4	1	
3	0	1	801.058	801.058	523	3	1	
3	1	1	801.319	801.319	549	2	1	
2	0	1	801.671	801.671	538	1	1	
3	0	1	802.214	802.214	502	3	1	
3	1	1	802.543	802.543	550	2	1	
3	0	1	803.033	803.033	538	1	1	
0	0	2	803.995	803.995	0	0	1	
1	0	1	828.995	828.995	551	0	1	
2	1	0	833.995	833.995	552	0	1	
2	2	1	834.605	834.605	553	0	1	
3	0	1	835.015	835.015	553	2	1	
3	0	1	835.289	835.289	554	1	1	
2	0	0	835.668	835.668	551	0	1	
2	0	1	836.278	836.278	551	0	1	
3	0	1	836.688	836.688	551	2	1	
2	0	0	836.962	836.962	552	1	1	
3	0	1	837.341	837.341	556	1	1	
2	1	0	837.632	837.632	555	0	1	
2	2	0	838.042	838.042	557	0	1	
2	4	1	838.35	838.35	559	0	1	
2	0	1	838.598	838.598	552	2	1	
3	3	1	838.789	838.789	561	4	1	
2	0	1	838.944	838.944	555	3	1	
3	2	1	839.128	839.128	552	5	1	
3	3	1	839.278	839.278	562	4	1	
3	2	1	839.456	839.456	555	3	1	
2	0	1	839.671	839.671	557	2	1	
3	2	1	839.946	839.946	557	4	1	
3	0	1	840.153	840.153	559	3	1	
2	0	0	840.413	840.413	558	2	1	
2	1	0	840.765	840.765	564	2	1	
3	0	1	841.04	841.04	560	2	1	
3	0	1	841.265	841.265	563	1	1	
2	0	1	841.556	841.556	558	0	1	
3	0	1	841.966	841.966	558	2	1	
3	0	1	842.24	842.24	566	1	1	
0	0	2	842.619	842.619	0	0	1	
1	0	1	843.229	843.229	567	0	1	
2	3	1	843.784	843.784	568	0	1	
3	0	1	844.093	844.093	568	2	1	
2	2	1	844.318	844.318	567	1	1	
3	0	1	844.609	844.609	569	3	1	
3	0	1	844.825	844.825	567	2	1	
2	0	0	845.099	845.099	564	1	1	
2	1	0	845.478	845.478	565	1	1	
2	2	1	845.769	845.769	571	1	1	
2	2	0	846.005	846.005	572	3	1	
2	3	1	846.188	846.188	574	3	1	
3	3	1	846.349	846.349	574	5	1	
2	0	1	846.483	846.483	564	4	1	
3	5	1	846.638	846.638	576	6	1	
3	3	1	846.769	846.769	575	5	1	
3	0	1	846.92	846.92	570	4	1	
3	2	1	847.097	847.097	564	3	1	
3	1	1	847.313	847.313	573	2	1	
3	0	1	847.587	847.587	571	1	1	
2	1	1	847.966	847.966	572	0	1	
2	0	0	848.576	848.576	565	2	1	
3	0	1	848.928	848.928	572	2	1	
3	0	1	849.203	849.203	577	1	1	
2	1	1	849.582	849.582	578	0	1	
2	0	1	850.191	850.191	565	2	1	
3	0	1	850.543	850.543	578	4	1	
3	0	1	850.791	850.791	579	3	1	
3	0	1	851.12	851.12	565	2	1	
3	0	1	851.61	851.61	580	1	1	
0	0	2	852.572	852.572	0	0	1	
0	0	2	877.572	877.572	0	0	1	
0	0	2	882.572	882.572	0	0	1	
1	1	1	885.349	885.349	582	0	1	
2	1	0	887.273	887.273	584	0	1	
2	1	0	887.783	887.783	584	0	1	
2	2	1	888.145	888.145	585	0	1	
3	0	1	888.426	888.426	585	2	1	
2	1	0	888.636	888.636	584	1	1	
2	3	0	888.902	888.902	588	1	1	
3	0	1	889.121	889.121	587	1	1	
2	3	1	889.308	889.308	588	0	1	
3	0	1	889.537	889.537	588	2	1	
3	0	1	889.717	889.717	590	1	1	
2	1	0	889.936	889.936	584	0	1	
2	2	1	890.217	890.217	586	0	1	
2	3	0	890.447	890.447	591	2	1	
2	3	1	890.626	890.626	591	2	1	
2	3	1	890.784	890.784	593	4	1	
2	2	1	890.916	890.916	589	6	1	
3	7	1	891.03	891.03	596	8	1	
3	5	1	891.131	891.131	595	7	1	
2	1	0	891.242	891.242	584	6	1	
3	0	1	891.368	891.368	586	6	1	
3	2	1	891.482	891.482	594	5	1	
2	1	1	891.611	891.611	584	4	1	
3	4	1	891.759	891.759	584	6	1	
3	3	1	891.884	891.884	589	5	1	
2	1	1	892.028	892.028	597	4	1	
3	0	1	892.196	892.196	592	6	1	
3	1	1	892.335	892.335	593	5	1	
3	3	1	892.498	892.498	599	4	1	
3	2	1	892.692	892.692	597	3	1	
3	0	1	892.932	892.932	591	2	1	
3	0	1	893.248	893.248	598	1	1	
1	0	1	893.711	893.711	581	0	1	
2	2	1	894.573	894.573	600	0	1	
3	0	1	894.958	894.958	600	2	1	
3	0	1	895.221	895.221	601	1	1	
2	1	0	895.578	895.578	581	0	1	
2	1	0	896.134	896.134	581	0	1	
2	1	0	896.519	896.519	581	0	1	
1	0	0	896.813	896.813	583	0	1	
1	1	1	897.051	897.051	605	0	1	
2	3	1	897.28	897.28	603	0	1	
2	4	0	897.453	897.453	605	2	1	
3	1	1	897.595	897.595	607	2	1	
2	4	1	897.724	897.724	605	1	1	
2	2	1	897.871	897.871	602	3	1	
3	2	1	897.996	897.996	609	5	1	
2	2	1	898.104	898.104	604	4	1	
3	4	1	898.226	898.226	604	6	1	
2	1	0	898.333	898.333	581	5	1	
1	0	1	898.452	898.452	583	5	1	
2	4	0	898.56	898.56	612	5	1	
3	0	1	898.654	898.654	603	5	1	
3	2	1	898.742	898.742	610	4	1	
2	1	0	898.838	898.838	581	3	1	
2	5	1	898.944	898.944	583	3	1	
3	3	1	899.041	899.041	583	5	1	
2	5	1	899.129	899.129	613	4	1	
3	1	1	899.224	899.224	602	6	1	
2	6	1	899.31	899.31	615	5	1	
2	1	0	899.404	899.404	581	7	1	
2	0	1	899.489	899.489	582	7	1	
2	1	1	899.568	899.568	606	9	1	
3	9	1	899.64	899.64	606	11	1	
3	4	1	899.707	899.707	617	10	1	
3	4	1	899.778	899.778	615	9	1	
2	1	1	899.855	899.855	608	8	1	
2	1	1	899.938	899.938	612	10	1	
2	0	1	900.013	900.013	581	12	1	
3	7	1	900.082	900.082	621	14	1	
3	12	1	900.146	900.146	624	13	1	
3	0	1	900.215	900.215	605	12	1	
3	8	1	900.288	900.288	612	11	1	
2	1	0	900.367	900.367	619	10	1	
3	0	1	900.453	900.453	611	10	1	
2	1	1	900.533	900.533	619	9	1	
3	0	1	900.621	900.621	616	11	1	
2	0	1	900.7	900.7	614	10	1	
3	3	1	900.786	900.786	620	12	1	
3	2	1	900.864	900.864	582	11	1	
3	3	1	900.948	900.948	622	10	1	
3	2	1	901.04	901.04	608	9	1	
3	4	1	901.142	901.142	619	8	1	
2	0	1	901.255	901.255	625	7	1	
3	3	1	901.383	901.383	581	9	1	
3	1	1	901.493	901.493	618	8	1	
3	1	1	901.618	901.618	623	7	1	
3	4	1	901.76	901.76	625	6	1	
3	2	1	901.925	901.925	614	5	1	
3	1	1	902.124	902.124	626	4	1	
3	1	1	902.371	902.371	627	3	1	
3	1	1	902.7	902.7	628	2	1	
3	0	1	903.19	903.19	613	1	1	
0	0	2	904.152	904.152	0	0	1	
1	0	0	929.152	929.152	629	0	1	
1	1	1	934.152	934.152	630	0	1	
2	0	0	936.93	936.93	630	0	1	
2	1	1	937.485	937.485	631	0	1	
3	0	1	937.87	937.87	631	2	1	
1	0	1	938.133	938.133	629	1	1	
3	0	1	938.49	938.49	633	1	1	
2	3	0	938.726	938.726	634	0	1	
2	0	1	939.035	939.035	630	0	1	
2	1	1	939.282	939.282	629	2	1	
3	0	1	939.473	939.473	630	4	1	
2	0	1	939.628	939.628	632	3	1	
3	0	1	939.812	939.812	636	5	1	
2	0	1	939.963	939.963	634	4	1	
3	3	1	940.14	940.14	638	6	1	
3	2	1	940.286	940.286	632	5	1	
2	0	1	940.457	940.457	635	4	1	
3	0	1	940.664	940.664	629	6	1	
3	0	1	940.83	940.83	637	5	1	
3	0	1	941.028	941.028	634	4	1	
3	2	1	941.276	941.276	640	3	1	
3	0	1	941.605	941.605	639	2	1	
3	0	1	942.095	942.095	635	1	1	
0	0	2	943.056	943.056	0	0	1	
1	0	0	968.056	968.056	641	0	1	
1	0	0	973.056	973.056	641	0	1	
1	0	1	975.834	975.834	641	0	1	
2	0	1	977.757	977.757	641	0	1	
2	0	1	978.267	978.267	644	2	1	
3	2	1	978.584	978.584	644	4	1	
1	0	1	978.813	978.813	642	3	1	
3	1	1	979.111	979.111	645	3	1	
3	0	1	979.319	979.319	641	2	1	
2	0	1	979.582	979.582	642	1	1	
3	2	1	979.939	979.939	648	3	1	
2	0	0	980.189	980.189	647	2	1	
2	0	0	980.523	980.523	647	2	1	
2	2	0	980.786	980.786	650	2	1	
3	1	1	981.003	981.003	642	2	1	
2	2	1	981.188	981.188	650	1	1	
2	0	1	981.416	981.416	647	3	1	
3	3	1	981.594	981.594	647	5	1	
3	1	1	981.741	981.741	650	4	1	
3	1	1	981.914	981.914	652	3	1	
2	0	1	982.122	982.122	649	2	1	
2	0	0	982.385	982.385	651	4	1	
3	2	1	982.585	982.585	649	4	1	
3	1	1	982.758	982.758	653	3	1	
3	1	1	982.966	982.966	654	2	1	
3	0	1	983.229	983.229	646	1	1	
2	1	1	983.586	983.586	655	0	1	
2	0	1	984.142	984.142	651	2	1	
3	0	1	984.475	984.475	655	4	1	
3	1	1	984.713	984.713	651	3	1	
3	0	1	985.026	985.026	656	2	1	
3	0	1	985.48	985.48	657	1	1	
1	0	1	986.314	986.314	643	0	1	
2	1	0	991.314	991.314	658	0	1	
2	2	0	991.923	991.923	659	0	1	
2	2	1	992.333	992.333	659	0	1	
2	2	0	992.642	992.642	660	2	1	
2	3	0	992.867	992.867	662	2	1	
3	1	1	993.058	993.058	661	2	1	
3	0	1	993.224	993.224	659	1	1	
2	4	1	993.422	993.422	663	0	1	
3	0	1	993.669	993.669	663	2	1	
2	3	1	993.86	993.86	662	1	1	
2	0	1	994.096	994.096	643	3	1	
3	2	1	994.28	994.28	665	5	1	
2	0	1	994.431	994.431	658	4	1	
3	1	1	994.608	994.608	662	6	1	
3	4	1	994.754	994.754	667	5	1	
2	0	1	994.925	994.925	660	4	1	
3	5	1	995.132	995.132	668	6	1	
3	3	1	995.297	995.297	658	5	1	
3	1	1	995.496	995.496	643	4	1	
3	1	1	995.743	995.743	666	3	1	
3	1	1	996.072	996.072	660	2	1	
3	0	1	996.563	996.563	664	1	1	
0	0	2	997.524	997.524	0	0	1	
1	0	1	1022.52	1022.52	669	0	1	
2	0	0	1027.52	1027.52	669	0	1	
2	2	1	1028.13	1028.13	671	0	1	
2	0	0	1028.54	1028.54	669	2	1	
2	2	0	1028.82	1028.82	673	2	1	
2	0	1	1029.04	1029.04	669	2	1	
3	2	1	1029.23	1029.23	669	4	1	
2	0	1	1029.39	1029.39	670	3	1	
2	0	1	1029.57	1029.57	673	5	1	
3	5	1	1029.72	1029.72	673	7	1	
3	2	1	1029.85	1029.85	675	6	1	
3	2	1	1030	1030	670	5	1	
3	0	1	1030.17	1030.17	671	4	1	
3	2	1	1030.38	1030.38	677	3	1	
2	0	1	1030.64	1030.64	674	2	1	
3	1	1	1030.99	1030.99	676	4	1	
3	1	1	1031.24	1031.24	674	3	1	
3	0	1	1031.56	1031.56	672	2	1	
3	0	1	1032.05	1032.05	678	1	1	
0	0	2	1033.02	1033.02	0	0	1	
1	0	1	1058.02	1058.02	679	0	1	
2	1	1	1063.02	1063.02	680	0	1	
3	0	1	1063.63	1063.63	680	2	1	
2	0	0	1063.98	1063.98	679	1	1	
2	0	0	1064.52	1064.52	679	1	1	
2	0	0	1064.9	1064.9	679	1	1	
0	0	2	1065.19	1065.19	0	1	1	
2	2	1	1065.43	1065.43	683	1	1	
2	0	1	1065.65	1065.65	679	3	1	
2	0	1	1065.83	1065.83	682	5	1	
3	4	1	1065.98	1065.98	687	7	1	
3	5	1	1066.11	1066.11	688	6	1	
3	1	1	1066.25	1066.25	683	5	1	
0	0	2	1066.41	1066.41	0	4	1	
3	0	1	1066.61	1066.61	681	4	1	
2	0	1	1066.81	1066.81	684	3	1	
3	2	1	1067.05	1067.05	682	5	1	
3	1	1	1067.24	1067.24	679	4	1	
3	0	1	1067.46	1067.46	686	3	1	
3	1	1	1067.76	1067.76	690	2	1	
1	0	0	1068.19	1068.19	685	1	1	
3	0	1	1068.92	1068.92	684	1	1	
1	1	1	1069.58	1069.58	689	0	1	
1	0	0	1071.5	1071.5	685	0	1	
2	1	0	1072.01	1072.01	692	0	1	
2	0	0	1072.48	1072.48	689	0	1	
2	3	0	1072.83	1072.83	695	0	1	
2	1	0	1073.1	1073.1	692	0	1	
2	1	0	1073.32	1073.32	692	0	1	
2	0	0	1073.5	1073.5	689	0	1	
2	1	1	1073.67	1073.67	692	0	1	
3	0	1	1073.81	1073.81	692	2	1	
2	5	0	1073.94	1073.94	698	1	1	
2	5	1	1074.08	1074.08	698	1	1	
3	1	1	1074.2	1074.2	698	3	1	
2	1	1	1074.31	1074.31	694	2	1	
2	5	1	1074.44	1074.44	701	4	1	
3	2	1	1074.54	1074.54	694	6	1	
3	3	1	1074.64	1074.64	701	5	1	
2	1	0	1074.74	1074.74	695	4	1	
3	2	1	1074.86	1074.86	703	4	1	
2	5	0	1074.97	1074.97	705	3	1	
3	2	1	1075.09	1075.09	704	3	1	
2	3	1	1075.2	1075.2	697	2	1	
2	0	0	1075.32	1075.32	689	4	1	
3	3	1	1075.43	1075.43	707	4	1	
2	6	1	1075.53	1075.53	708	3	1	
3	1	1	1075.64	1075.64	702	5	1	
2	1	1	1075.73	1075.73	695	4	1	
3	2	1	1075.84	1075.84	708	6	1	
0	0	2	1075.94	1075.94	0	5	1	
2	4	1	1076.04	1076.04	706	5	1	
3	1	1	1076.14	1076.14	697	7	1	
2	2	1	1076.24	1076.24	699	6	1	
2	2	0	1076.34	1076.34	705	8	1	
0	0	2	1076.43	1076.43	0	8	1	
3	3	1	1076.51	1076.51	710	8	1	
2	3	1	1076.59	1076.59	714	7	1	
3	0	1	1076.68	1076.68	700	9	1	
3	2	1	1076.77	1076.77	706	8	1	
3	3	1	1076.86	1076.86	699	7	1	
2	0	0	1076.95	1076.95	689	6	1	
3	1	1	1077.06	1077.06	695	6	1	
3	1	1	1077.16	1077.16	712	5	1	
2	2	1	1077.27	1077.27	705	4	1	
2	2	1	1077.4	1077.4	717	6	1	
3	4	1	1077.5	1077.5	705	8	1	
1	1	0	1077.6	1077.6	691	7	1	
2	1	0	1077.71	1077.71	696	7	1	
3	0	1	1077.81	1077.81	709	7	1	
2	2	0	1077.91	1077.91	721	6	1	
3	0	1	1078.01	1078.01	713	6	1	
2	3	1	1078.11	1078.11	722	5	1	
3	6	1	1078.22	1078.22	723	7	1	
1	0	1	1078.32	1078.32	685	6	1	
2	4	1	1078.42	1078.42	724	6	1	
3	2	1	1078.51	1078.51	718	8	1	
3	0	1	1078.6	1078.6	714	7	1	
3	3	1	1078.69	1078.69	722	6	1	
2	1	1	1078.79	1078.79	696	5	1	
3	2	1	1078.9	1078.9	719	7	1	
3	1	1	1079	1079	717	6	1	
3	4	1	1079.1	1079.1	726	5	1	
3	3	1	1079.23	1079.23	696	4	1	
1	2	1	1079.36	1079.36	711	3	1	
3	0	1	1079.52	1079.52	716	3	1	
2	3	1	1079.65	1079.65	711	2	1	
2	1	0	1079.8	1079.8	721	4	1	
2	0	1	1079.93	1079.93	689	4	1	
2	2	1	1080.05	1080.05	727	6	1	
3	3	1	1080.15	1080.15	728	8	1	
3	1	1	1080.24	1080.24	725	7	1	
3	1	1	1080.34	1080.34	711	6	1	
2	1	1	1080.45	1080.45	685	5	1	
2	1	1	1080.57	1080.57	729	7	1	
1	0	1	1080.68	1080.68	691	9	1	
3	5	1	1080.77	1080.77	685	9	1	
3	5	1	1080.86	1080.86	732	8	1	
3	4	1	1080.95	1080.95	731	7	1	
3	2	1	1081.05	1081.05	730	6	1	
3	2	1	1081.16	1081.16	727	5	1	
3	3	1	1081.29	1081.29	733	4	1	
3	1	1	1081.43	1081.43	689	3	1	
2	1	1	1081.6	1081.6	691	2	1	
3	1	1	1081.8	1081.8	729	4	1	
3	1	1	1081.97	1081.97	691	3	1	
2	0	1	1082.16	1082.16	721	2	1	
3	2	1	1082.41	1082.41	721	4	1	
3	2	1	1082.59	1082.59	736	3	1	
3	1	1	1082.83	1082.83	735	2	1	
1	1	1	1083.13	1083.13	715	1	1	
2	0	0	1083.56	1083.56	734	1	1	
2	2	1	1083.82	1083.82	737	1	1	
2	2	0	1084.04	1084.04	738	3	1	
2	2	0	1084.22	1084.22	738	3	1	
2	0	1	1084.37	1084.37	734	3	1	
2	1	1	1084.51	1084.51	738	5	1	
3	1	1	1084.62	1084.62	737	7	1	
3	5	1	1084.72	1084.72	743	6	1	
3	0	1	1084.84	1084.84	724	5	1	
2	0	1	1084.97	1084.97	715	4	1	
3	1	1	1085.12	1085.12	734	6	1	
3	4	1	1085.24	1085.24	744	5	1	
3	1	1	1085.38	1085.38	742	4	1	
3	1	1	1085.55	1085.55	738	3	1	
3	0	1	1085.75	1085.75	739	2	1	
1	1	1	1086.01	1086.01	720	1	1	
2	2	0	1086.34	1086.34	720	1	1	
2	2	0	1086.57	1086.57	720	1	1	
3	0	1	1086.76	1086.76	715	1	1	
2	0	1	1086.93	1086.93	740	0	1	
3	1	1	1087.13	1087.13	748	2	1	
2	3	1	1087.29	1087.29	746	1	1	
2	1	1	1087.48	1087.48	720	3	1	
3	2	1	1087.64	1087.64	749	5	1	
2	1	0	1087.77	1087.77	745	4	1	
3	1	1	1087.92	1087.92	746	4	1	
3	1	1	1088.06	1088.06	720	3	1	
3	0	1	1088.21	1088.21	740	2	1	
2	0	0	1088.4	1088.4	741	1	1	
2	2	1	1088.63	1088.63	747	1	1	
2	3	0	1088.82	1088.82	752	3	1	
3	2	1	1088.98	1088.98	753	3	1	
3	1	1	1089.11	1089.11	747	2	1	
2	1	1	1089.28	1089.28	745	1	1	
3	0	1	1089.47	1089.47	750	3	1	
2	2	1	1089.62	1089.62	752	2	1	
3	3	1	1089.81	1089.81	756	4	1	
2	0	0	1089.96	1089.96	741	3	1	
2	3	1	1090.14	1090.14	757	3	1	
2	1	1	1090.3	1090.3	751	5	1	
3	6	1	1090.43	1090.43	759	7	1	
3	4	1	1090.54	1090.54	758	6	1	
3	3	1	1090.67	1090.67	757	5	1	
3	3	1	1090.82	1090.82	751	4	1	
2	0	1	1090.99	1090.99	741	3	1	
3	4	1	1091.2	1091.2	760	5	1	
2	0	1	1091.36	1091.36	754	4	1	
3	1	1	1091.56	1091.56	755	6	1	
3	2	1	1091.73	1091.73	741	5	1	
3	1	1	1091.92	1091.92	752	4	1	
3	1	1	1092.16	1092.16	754	3	1	
3	1	1	1092.47	1092.47	761	2	1	
3	0	1	1092.92	1092.92	745	1	1	
0	0	2	1093.76	1093.76	0	0	1	
1	0	1	1098.76	1098.76	693	0	1	
2	1	1	1101.53	1101.53	763	0	1	
3	1	1	1102.09	1102.09	764	2	1	
3	0	1	1102.42	1102.42	763	1	1	
2	0	1	1102.92	1102.92	693	0	1	
3	0	1	1103.92	1103.92	693	2	1	
3	0	1	1104.38	1104.38	765	1	1	
0	0	2	1105.21	1105.21	0	0	1	
1	1	1	1110.21	1110.21	766	0	1	
2	1	1	1112.99	1112.99	767	0	1	
3	1	1	1113.54	1113.54	768	2	1	
3	0	1	1113.88	1113.88	767	1	1	
2	0	0	1114.38	1114.38	766	0	1	
2	0	1	1115.38	1115.38	766	0	1	
1	0	1	1115.93	1115.93	762	2	1	
2	2	1	1116.27	1116.27	771	2	1	
3	0	1	1116.49	1116.49	766	4	1	
2	0	1	1116.67	1116.67	769	3	1	
2	0	0	1116.88	1116.88	762	5	1	
2	1	1	1117.06	1117.06	774	5	1	
3	3	1	1117.21	1117.21	769	7	1	
3	2	1	1117.33	1117.33	772	6	1	
3	0	1	1117.48	1117.48	770	5	1	
3	2	1	1117.65	1117.65	774	4	1	
2	0	0	1117.86	1117.86	762	3	1	
3	1	1	1118.12	1118.12	773	3	1	
2	0	1	1118.33	1118.33	762	2	1	
2	0	0	1118.61	1118.61	776	4	1	
3	3	1	1118.82	1118.82	777	4	1	
3	1	1	1118.99	1118.99	775	3	1	
2	0	1	1119.21	1119.21	776	2	1	
3	0	1	1119.48	1119.48	771	4	1	
3	2	1	1119.69	1119.69	779	3	1	
3	1	1	1119.95	1119.95	776	2	1	
2	0	1	1120.3	1120.3	778	1	1	
3	1	1	1120.85	1120.85	778	3	1	
3	1	1	1121.17	1121.17	780	2	1	
3	0	1	1121.66	1121.66	762	1	1	
0	0	2	1122.63	1122.63	0	0	1	
1	0	1	1147.63	1147.63	781	0	1	
2	1	0	1152.63	1152.63	782	0	1	
2	1	0	1153.24	1153.24	782	0	1	
2	3	1	1153.65	1153.65	784	0	1	
3	0	1	1153.95	1153.95	784	2	1	
2	1	1	1154.18	1154.18	782	1	1	
3	2	1	1154.47	1154.47	786	3	1	
2	0	0	1154.69	1154.69	781	2	1	
3	1	1	1154.96	1154.96	782	2	1	
2	1	0	1155.19	1155.19	783	1	1	
2	0	1	1155.48	1155.48	781	1	1	
2	0	0	1155.71	1155.71	783	3	1	
0	0	2	1155.9	1155.9	0	3	1	
2	2	0	1156.06	1156.06	788	3	1	
3	2	1	1156.21	1156.21	789	3	1	
2	2	1	1156.35	1156.35	788	2	1	
3	1	1	1156.51	1156.51	781	4	1	
3	1	1	1156.65	1156.65	788	3	1	
1	0	1	1156.8	1156.8	791	2	1	
3	1	1	1156.99	1156.99	793	2	1	
2	1	1	1157.14	1157.14	787	1	1	
2	4	1	1157.31	1157.31	794	3	1	
3	3	1	1157.45	1157.45	794	5	1	
3	0	1	1157.57	1157.57	785	4	1	
3	1	1	1157.71	1157.71	795	3	1	
3	1	1	1157.87	1157.87	796	2	1	
2	1	1	1158.06	1158.06	790	1	1	
2	1	0	1158.3	1158.3	792	3	1	
2	2	1	1158.48	1158.48	791	3	1	
2	0	1	1158.64	1158.64	783	5	1	
3	0	1	1158.77	1158.77	787	7	1	
3	2	1	1158.89	1158.89	791	6	1	
3	0	1	1159.02	1159.02	790	5	1	
3	0	1	1159.17	1159.17	797	4	1	
2	1	1	1159.35	1159.35	798	3	1	
3	0	1	1159.56	1159.56	799	5	1	
3	0	1	1159.73	1159.73	783	4	1	
2	0	1	1159.94	1159.94	792	3	1	
3	3	1	1160.2	1160.2	792	5	1	
3	1	1	1160.4	1160.4	798	4	1	
3	0	1	1160.65	1160.65	800	3	1	
3	1	1	1160.98	1160.98	802	2	1	
3	0	1	1161.47	1161.47	801	1	1	
0	0	2	1162.43	1162.43	0	0	1	
1	0	1	1187.43	1187.43	803	0	1	
2	1	0	1192.43	1192.43	804	0	1	
2	0	1	1193.04	1193.04	803	0	1	
3	0	1	1193.45	1193.45	803	2	1	
2	1	1	1193.72	1193.72	805	1	1	
3	0	1	1194.1	1194.1	806	3	1	
3	0	1	1194.36	1194.36	805	2	1	
3	0	1	1194.71	1194.71	807	1	1	
2	0	1	1195.26	1195.26	804	0	1	
3	0	1	1196.45	1196.45	804	2	1	
3	0	1	1196.94	1196.94	808	1	1	
0	0	2	1197.9	1197.9	0	0	1	
1	0	1	1222.9	1222.9	809	0	1	
2	0	1	1227.9	1227.9	809	0	1	
3	1	1	1228.51	1228.51	811	2	1	
2	0	0	1228.86	1228.86	810	1	1	
3	0	1	1229.41	1229.41	809	1	1	
2	0	1	1229.78	1229.78	810	0	1	
3	0	1	1230.39	1230.39	810	2	1	
2	0	1	1230.75	1230.75	812	1	1	
3	0	1	1231.29	1231.29	813	3	1	
3	1	1	1231.62	1231.62	814	2	1	
3	0	1	1232.11	1232.11	812	1	1	
0	0	2	1233.07	1233.07	0	0	1	
1	0	0	1258.07	1258.07	815	0	1	
1	1	1	1263.07	1263.07	816	0	1	
2	0	1	1265.85	1265.85	816	0	1	
3	0	1	1266.4	1266.4	816	2	1	
3	0	1	1266.74	1266.74	818	1	1	
2	0	0	1267.24	1267.24	817	0	1	
2	0	0	1268.24	1268.24	817	0	1	
1	0	0	1268.79	1268.79	815	0	1	
1	1	1	1269.18	1269.18	821	0	1	
2	2	0	1269.54	1269.54	820	0	1	
2	3	1	1269.78	1269.78	821	0	1	
2	3	1	1269.98	1269.98	822	2	1	
2	3	1	1270.14	1270.14	823	4	1	
3	4	1	1270.27	1270.27	823	6	1	
3	0	1	1270.39	1270.39	821	5	1	
2	2	1	1270.52	1270.52	820	4	1	
3	4	1	1270.67	1270.67	820	6	1	
3	4	1	1270.8	1270.8	827	5	1	
3	2	1	1270.95	1270.95	825	4	1	
3	0	1	1271.12	1271.12	824	3	1	
2	0	1	1271.33	1271.33	817	2	1	
3	3	1	1271.59	1271.59	828	4	1	
3	0	1	1271.79	1271.79	822	3	1	
2	0	1	1272.04	1272.04	819	2	1	
3	2	1	1272.38	1272.38	819	4	1	
3	0	1	1272.61	1272.61	826	3	1	
3	1	1	1272.93	1272.93	829	2	1	
3	0	1	1273.38	1273.38	817	1	1	
1	0	1	1274.21	1274.21	815	0	1	
2	1	0	1279.21	1279.21	830	0	1	
2	0	0	1279.82	1279.82	815	0	1	
2	0	1	1280.23	1280.23	815	0	1	
2	0	1	1280.54	1280.54	830	2	1	
3	1	1	1280.77	1280.77	833	4	1	
2	0	1	1280.94	1280.94	831	3	1	
3	4	1	1281.16	1281.16	835	5	1	
3	1	1	1281.33	1281.33	830	4	1	
3	2	1	1281.54	1281.54	831	3	1	
3	1	1	1281.8	1281.8	834	2	1	
3	0	1	1282.15	1282.15	815	1	1	
2	0	1	1282.69	1282.69	832	0	1	
3	0	1	1283.88	1283.88	832	2	1	
3	0	1	1284.37	1284.37	836	1	1	
0	0	2	1285.34	1285.34	0	0	1	
1	0	0	1310.34	1310.34	837	0	1	
1	0	1	1315.34	1315.34	837	0	1	
2	0	1	1318.11	1318.11	837	0	1	
3	0	1	1318.67	1318.67	837	2	1	
2	0	0	1319	1319	839	1	1	
2	0	1	1319.5	1319.5	839	1	1	
3	0	1	1319.86	1319.86	840	3	1	
2	0	1	1320.11	1320.11	841	2	1	
3	1	1	1320.44	1320.44	842	4	1	
3	2	1	1320.68	1320.68	843	3	1	
3	0	1	1320.99	1320.99	839	2	1	
1	0	1	1321.45	1321.45	838	1	1	
2	1	1	1322.28	1322.28	844	1	1	
3	0	1	1322.66	1322.66	841	3	1	
3	1	1	1322.92	1322.92	845	2	1	
2	0	1	1323.27	1323.27	838	1	1	
3	2	1	1323.82	1323.82	846	3	1	
3	1	1	1324.15	1324.15	838	2	1	
3	0	1	1324.64	1324.64	844	1	1	
0	0	2	1325.6	1325.6	0	0	1	
1	0	1	1350.6	1350.6	847	0	1	
2	1	1	1355.6	1355.6	848	0	1	
3	0	1	1356.21	1356.21	848	2	1	
3	0	1	1356.56	1356.56	849	1	1	
0	0	2	1357.1	1357.1	0	0	1	
1	0	1	1358.29	1358.29	850	0	1	
2	0	1	1359.29	1359.29	847	0	1	
2	1	1	1359.7	1359.7	851	2	1	
2	0	0	1359.98	1359.98	850	4	1	
3	1	1	1360.18	1360.18	852	4	1	
2	0	1	1360.36	1360.36	850	3	1	
3	0	1	1360.58	1360.58	847	5	1	
3	2	1	1360.75	1360.75	850	4	1	
3	1	1	1360.96	1360.96	853	3	1	
2	0	0	1361.22	1361.22	854	2	1	
3	1	1	1361.57	1361.57	855	2	1	
2	1	1	1361.84	1361.84	856	1	1	
3	0	1	1362.22	1362.22	851	3	1	
3	1	1	1362.48	1362.48	857	2	1	
2	0	0	1362.83	1362.83	854	1	1	
2	1	0	1363.38	1363.38	858	1	1	
3	0	1	1363.76	1363.76	856	1	1	
2	1	0	1364.05	1364.05	858	0	1	
2	2	1	1364.46	1364.46	859	0	1	
3	0	1	1364.77	1364.77	859	2	1	
2	0	1	1364.99	1364.99	854	1	1	
2	0	1	1365.28	1365.28	858	3	1	
3	2	1	1365.5	1365.5	862	5	1	
3	0	1	1365.67	1365.67	861	4	1	
2	0	0	1365.87	1365.87	860	3	1	
3	1	1	1366.13	1366.13	858	3	1	
2	0	1	1366.35	1366.35	860	2	1	
3	2	1	1366.63	1366.63	860	4	1	
3	0	1	1366.83	1366.83	854	3	1	
3	1	1	1367.09	1367.09	865	2	1	
3	0	1	1367.44	1367.44	863	1	1	
2	0	0	1367.99	1367.99	864	0	1	
2	0	0	1369.18	1369.18	864	0	1	
2	1	0	1369.79	1369.79	866	0	1	
2	3	1	1370.2	1370.2	868	0	1	
2	0	1	1370.51	1370.51	864	2	1	
2	0	1	1370.73	1370.73	866	4	1	
3	3	1	1370.91	1370.91	870	6	1	
3	0	1	1371.06	1371.06	868	5	1	
2	0	1	1371.23	1371.23	867	4	1	
3	2	1	1371.43	1371.43	866	6	1	
3	1	1	1371.6	1371.6	864	5	1	
3	2	1	1371.8	1371.8	867	4	1	
3	1	1	1372.04	1372.04	871	3	1	
3	0	1	1372.37	1372.37	869	2	1	
3	0	1	1372.86	1372.86	872	1	1	
0	0	2	1373.83	1373.83	0	0	1	
1	0	1	1398.83	1398.83	873	0	1	
2	1	0	1403.83	1403.83	874	0	1	
2	2	1	1404.43	1404.43	875	0	1	
2	0	0	1404.84	1404.84	873	2	1	
2	2	0	1405.12	1405.12	877	2	1	
2	1	0	1405.34	1405.34	874	2	1	
3	0	1	1405.54	1405.54	875	2	1	
2	0	1	1405.7	1405.7	873	1	1	
2	2	1	1405.9	1405.9	878	3	1	
2	1	1	1406.06	1406.06	877	5	1	
3	1	1	1406.19	1406.19	873	7	1	
2	1	1	1406.31	1406.31	879	6	1	
3	6	1	1406.44	1406.44	879	8	1	
3	0	1	1406.55	1406.55	876	7	1	
3	1	1	1406.68	1406.68	878	6	1	
3	4	1	1406.83	1406.83	883	5	1	
0	0	2	1407	1407	0	4	1	
0	0	2	1407.21	1407.21	0	4	1	
3	3	1	1407.41	1407.41	882	4	1	
3	1	1	1407.6	1407.6	881	3	1	
3	0	1	1407.84	1407.84	880	2	1	
3	0	1	1408.16	1408.16	877	1	1	
2	0	1	1408.62	1408.62	874	0	1	
3	1	1	1409.48	1409.48	886	2	1	
1	0	1	1409.9	1409.9	884	1	1	
2	0	1	1410.64	1410.64	884	1	1	
3	2	1	1411	1411	888	3	1	
2	0	0	1411.25	1411.25	887	2	1	
3	1	1	1411.58	1411.58	884	2	1	
2	1	1	1411.84	1411.84	889	1	1	
3	1	1	1412.2	1412.2	889	3	1	
1	0	1	1412.45	1412.45	885	2	1	
2	2	1	1412.78	1412.78	891	2	1	
3	1	1	1413.01	1413.01	890	4	1	
3	0	1	1413.19	1413.19	874	3	1	
3	0	1	1413.4	1413.4	891	2	1	
3	0	1	1413.68	1413.68	892	1	1	
2	1	1	1414.06	1414.06	885	0	1	
2	0	1	1414.67	1414.67	887	2	1	
3	1	1	1415.02	1415.02	893	4	1	
3	2	1	1415.27	1415.27	894	3	1	
3	0	1	1415.59	1415.59	885	2	1	
3	0	1	1416.08	1416.08	887	1	1	
0	0	2	1417.05	1417.05	0	0	1	
1	0	0	1442.05	1442.05	895	0	1	
1	1	1	1447.05	1447.05	896	0	1	
2	0	0	1449.82	1449.82	896	0	1	
2	0	1	1450.38	1450.38	896	0	1	
3	1	1	1450.76	1450.76	899	2	1	
2	0	1	1451.03	1451.03	897	1	1	
1	0	0	1451.38	1451.38	895	3	1	
2	0	1	1451.63	1451.63	898	3	1	
3	2	1	1451.87	1451.87	900	5	1	
3	0	1	1452.06	1452.06	896	4	1	
3	1	1	1452.29	1452.29	898	3	1	
1	1	1	1452.59	1452.59	901	2	1	
2	0	0	1453.01	1453.01	901	2	1	
2	1	1	1453.28	1453.28	903	2	1	
3	1	1	1453.49	1453.49	902	4	1	
3	0	1	1453.66	1453.66	897	3	1	
3	1	1	1453.87	1453.87	905	2	1	
2	0	0	1454.14	1454.14	901	1	1	
3	0	1	1454.49	1454.49	903	1	1	
0	0	2	1454.77	1454.77	0	0	1	
2	1	0	1455.16	1455.16	904	0	1	
2	2	1	1455.52	1455.52	906	0	1	
2	0	1	1455.8	1455.8	901	2	1	
3	1	1	1456.01	1456.01	909	4	1	
3	2	1	1456.18	1456.18	910	3	1	
2	0	1	1456.38	1456.38	904	2	1	
3	2	1	1456.63	1456.63	904	4	1	
3	2	1	1456.82	1456.82	911	3	1	
2	0	1	1457.07	1457.07	908	2	1	
3	1	1	1457.38	1457.38	901	4	1	
3	0	1	1457.61	1457.61	906	3	1	
3	0	1	1457.91	1457.91	908	2	1	
1	0	0	1458.33	1458.33	895	1	1	
3	0	1	1459.07	1459.07	912	1	1	
1	2	1	1459.73	1459.73	913	0	1	
2	1	1	1461.65	1461.65	914	0	1	
2	0	0	1462.16	1462.16	913	2	1	
3	0	1	1462.48	1462.48	914	2	1	
2	0	1	1462.73	1462.73	913	1	1	
2	0	1	1463.07	1463.07	916	3	1	
3	2	1	1463.31	1463.31	917	5	1	
3	0	1	1463.49	1463.49	915	4	1	
3	0	1	1463.72	1463.72	913	3	1	
3	1	1	1464.02	1464.02	918	2	1	
3	0	1	1464.44	1464.44	916	1	1	
1	0	1	1465.18	1465.18	895	0	1	
2	1	0	1467.96	1467.96	919	0	1	
2	2	1	1468.51	1468.51	920	0	1	
2	0	1	1468.9	1468.9	895	2	1	
3	3	1	1469.16	1469.16	922	4	1	
2	0	1	1469.36	1469.36	919	3	1	
3	3	1	1469.61	1469.61	919	5	1	
3	0	1	1469.8	1469.8	920	4	1	
1	0	1	1470.04	1470.04	907	3	1	
2	1	1	1470.35	1470.35	924	3	1	
3	3	1	1470.57	1470.57	924	5	1	
3	3	1	1470.74	1470.74	925	4	1	
3	2	1	1470.95	1470.95	923	3	1	
3	1	1	1471.21	1471.21	895	2	1	
3	0	1	1471.56	1471.56	921	1	1	
0	0	2	1472.1	1472.1	0	0	1	
2	0	1	1473.29	1473.29	907	0	1	
3	0	1	1474.29	1474.29	907	2	1	
3	0	1	1474.75	1474.75	927	1	1	
1	0	1	1475.58	1475.58	926	0	1	
2	1	1	1480.58	1480.58	928	0	1	
3	1	1	1481.19	1481.19	929	2	1	
3	0	1	1481.54	1481.54	928	1	1	
2	0	1	1482.09	1482.09	926	0	1	
3	0	1	1483.28	1483.28	926	2	1	
3	0	1	1483.77	1483.77	930	1	1	
0	0	2	1484.73	1484.73	0	0	1	
1	0	1	1509.73	1509.73	931	0	1	
2	1	0	1514.73	1514.73	932	0	1	
0	0	2	1515.34	1515.34	0	0	1	
2	1	1	1515.75	1515.75	932	0	1	
3	0	1	1516.13	1516.13	932	2	1	
0	0	2	1516.4	1516.4	0	1	1	
2	0	1	1516.75	1516.75	931	1	1	
2	0	1	1517.09	1517.09	933	3	1	
3	1	1	1517.33	1517.33	931	5	1	
3	3	1	1517.52	1517.52	938	4	1	
3	0	1	1517.75	1517.75	935	3	1	
3	1	1	1518.04	1518.04	933	2	1	
3	0	1	1518.47	1518.47	937	1	1	
1	1	1	1519.2	1519.2	936	0	1	
2	1	0	1521.98	1521.98	939	0	1	
2	2	0	1522.54	1522.54	940	0	1	
2	1	1	1522.92	1522.92	939	0	1	
2	1	1	1523.22	1523.22	940	2	1	
3	0	1	1523.43	1523.43	939	4	1	
3	2	1	1523.61	1523.61	943	3	1	
3	0	1	1523.81	1523.81	942	2	1	
1	0	0	1524.08	1524.08	934	1	1	
1	1	1	1524.43	1524.43	944	1	1	
2	0	1	1524.77	1524.77	936	1	1	
2	1	0	1525	1525	944	3	1	
3	0	1	1525.18	1525.18	940	3	1	
2	3	0	1525.33	1525.33	947	2	1	
2	3	1	1525.52	1525.52	947	2	1	
2	3	0	1525.68	1525.68	948	4	1	
3	0	1	1525.82	1525.82	936	4	1	
3	2	1	1525.94	1525.94	949	3	1	
2	4	1	1526.08	1526.08	950	2	1	
2	0	1	1526.24	1526.24	941	4	1	
3	0	1	1526.37	1526.37	946	6	1	
3	4	1	1526.49	1526.49	952	5	1	
2	1	1	1526.62	1526.62	945	4	1	
3	0	1	1526.77	1526.77	947	6	1	
3	3	1	1526.9	1526.9	945	5	1	
3	2	1	1527.05	1527.05	941	4	1	
2	1	0	1527.22	1527.22	948	3	1	
2	1	0	1527.43	1527.43	948	3	1	
3	0	1	1527.61	1527.61	950	3	1	
3	1	1	1527.76	1527.76	953	2	1	
3	0	1	1527.95	1527.95	951	1	1	
2	2	1	1528.18	1528.18	954	0	1	
2	0	0	1528.47	1528.47	944	2	1	
2	0	1	1528.69	1528.69	944	2	1	
3	3	1	1528.87	1528.87	958	4	1	
2	1	1	1529.02	1529.02	955	3	1	
3	0	1	1529.2	1529.2	954	5	1	
3	3	1	1529.35	1529.35	959	4	1	
3	1	1	1529.52	1529.52	944	3	1	
2	1	1	1529.73	1529.73	957	2	1	
3	3	1	1529.99	1529.99	960	4	1	
3	1	1	1530.19	1530.19	955	3	1	
3	1	1	1530.44	1530.44	957	2	1	
2	0	1	1530.78	1530.78	948	1	1	
3	1	1	1531.28	1531.28	948	3	1	
3	0	1	1531.59	1531.59	956	2	1	
3	0	1	1532.04	1532.04	961	1	1	
0	0	2	1532.88	1532.88	0	0	1	
1	1	0	1537.88	1537.88	962	0	1	
0	0	2	1540.65	1540.65	0	0	1	
0	0	2	1542.58	1542.58	0	0	1	
0	0	2	1544.05	1544.05	0	0	1	
1	0	0	1545.24	1545.24	934	0	1	
1	6	0	1546.24	1546.24	967	0	1	
1	5	1	1547.1	1547.1	966	0	1	
1	3	0	1547.86	1547.86	964	0	1	
2	0	1	1548.22	1548.22	966	0	1	
3	0	1	1548.56	1548.56	966	2	1	
2	0	0	1548.81	1548.81	969	1	1	
2	0	0	1549.13	1549.13	969	1	1	
2	2	1	1549.38	1549.38	973	1	1	
2	1	0	1549.59	1549.59	972	3	1	
2	1	0	1549.76	1549.76	972	3	1	
3	0	1	1549.91	1549.91	971	3	1	
3	0	1	1550.04	1550.04	973	2	1	
2	0	0	1550.2	1550.2	969	1	1	
2	1	0	1550.38	1550.38	972	1	1	
2	4	1	1550.54	1550.54	977	1	1	
2	2	1	1550.68	1550.68	975	3	1	
3	0	1	1550.8	1550.8	974	5	1	
3	3	1	1550.9	1550.9	980	4	1	
2	1	1	1551.02	1551.02	972	3	1	
3	2	1	1551.15	1551.15	975	5	1	
2	0	0	1551.27	1551.27	969	4	1	
3	0	1	1551.4	1551.4	977	4	1	
1	2	1	1551.51	1551.51	963	3	1	
1	2	1	1551.65	1551.65	964	3	1	
2	5	1	1551.76	1551.76	983	3	1	
2	5	1	1551.86	1551.86	964	5	1	
3	6	1	1551.94	1551.94	986	7	1	
3	1	1	1552.02	1552.02	972	6	1	
3	3	1	1552.1	1552.1	985	5	1	
3	1	1	1552.2	1552.2	981	4	1	
3	0	1	1552.3	1552.3	979	3	1	
2	0	1	1552.41	1552.41	969	2	1	
2	3	0	1552.54	1552.54	963	4	1	
3	1	1	1552.65	1552.65	964	4	1	
1	4	1	1552.75	1552.75	968	3	1	
3	2	1	1552.87	1552.87	987	3	1	
2	0	0	1552.97	1552.97	976	2	1	
2	2	1	1553.07	1553.07	982	2	1	
2	7	0	1553.17	1553.17	990	4	1	
2	0	1	1553.26	1553.26	976	4	1	
3	1	1	1553.34	1553.34	969	6	1	
2	7	1	1553.42	1553.42	992	5	1	
2	1	1	1553.5	1553.5	963	7	1	
3	7	1	1553.58	1553.58	963	9	1	
3	0	1	1553.64	1553.64	983	8	1	
2	4	1	1553.72	1553.72	989	7	1	
3	2	1	1553.8	1553.8	976	9	1	
3	1	1	1553.87	1553.87	991	8	1	
2	3	0	1553.95	1553.95	968	7	1	
3	6	1	1554.03	1554.03	996	7	1	
3	0	1	1554.11	1554.11	982	6	1	
3	3	1	1554.2	1554.2	995	5	1	
2	0	0	1554.29	1554.29	978	4	1	
2	1	1	1554.39	1554.39	984	4	1	
2	1	0	1554.49	1554.49	988	6	1	
2	4	1	1554.58	1554.58	997	6	1	
3	6	1	1554.66	1554.66	997	8	1	
3	0	1	1554.73	1554.73	993	7	1	
2	5	0	1554.81	1554.81	1000	6	1	
3	2	1	1554.9	1554.9	989	6	1	
3	4	1	1554.98	1554.98	1001	5	1	
2	2	0	1555.06	1555.06	968	4	1	
2	0	1	1555.16	1555.16	978	4	1	
1	0	0	1555.25	1555.25	934	6	1	
3	3	1	1555.33	1555.33	999	6	1	
2	2	1	1555.41	1555.41	990	5	1	
3	1	1	1555.49	1555.49	994	7	1	
3	4	1	1555.57	1555.57	990	6	1	
1	4	1	1555.66	1555.66	970	5	1	
2	1	1	1555.75	1555.75	968	5	1	
3	5	1	1555.83	1555.83	968	7	1	
1	2	1	1555.91	1555.91	965	6	1	
2	6	1	1555.99	1555.99	1007	6	1	
3	3	1	1556.06	1556.06	1004	8	1	
2	3	0	1556.12	1556.12	1002	7	1	
3	1	1	1556.19	1556.19	984	7	1	
3	5	1	1556.26	1556.26	1010	6	1	
1	2	1	1556.33	1556.33	967	5	1	
2	7	1	1556.41	1556.41	1009	5	1	
2	1	1	1556.48	1556.48	998	7	1	
2	6	1	1556.55	1556.55	1011	9	1	
3	0	1	1556.61	1556.61	992	11	1	
2	1	1	1556.66	1556.66	1000	10	1	
2	3	1	1556.72	1556.72	970	12	1	
2	3	1	1556.78	1556.78	965	14	1	
3	12	1	1556.83	1556.83	970	16	1	
2	2	0	1556.88	1556.88	1003	15	1	
3	2	1	1556.93	1556.93	1008	15	1	
2	3	1	1556.98	1556.98	967	14	1	
2	3	0	1557.03	1557.03	1012	16	1	
3	10	1	1557.08	1557.08	1016	16	1	
3	2	1	1557.12	1557.12	1007	15	1	
2	0	0	1557.17	1557.17	988	14	1	
3	11	1	1557.23	1557.23	1018	14	1	
2	0	1	1557.27	1557.27	988	13	1	
3	13	1	1557.33	1557.33	988	15	1	
3	7	1	1557.38	1557.38	1015	14	1	
2	4	0	1557.43	1557.43	1021	13	1	
3	9	1	1557.48	1557.48	965	13	1	
1	1	1	1557.54	1557.54	962	12	1	
3	6	1	1557.59	1557.59	1011	12	1	
2	8	1	1557.64	1557.64	1025	11	1	
3	5	1	1557.7	1557.7	1014	13	1	
3	7	1	1557.75	1557.75	967	12	1	
3	7	1	1557.8	1557.8	1020	11	1	
2	4	1	1557.86	1557.86	1021	10	1	
3	3	1	1557.92	1557.92	1013	12	1	
3	2	1	1557.97	1557.97	1009	11	1	
2	6	1	1558.03	1558.03	962	10	1	
2	2	0	1558.09	1558.09	1012	12	1	
2	2	1	1558.15	1558.15	1012	12	1	
2	0	0	1558.21	1558.21	1002	14	1	
2	4	0	1558.26	1558.26	1024	14	1	
3	0	1	1558.31	1558.31	978	14	1	
2	0	1	1558.36	1558.36	1002	13	1	
3	3	1	1558.41	1558.41	1017	15	1	
3	10	1	1558.46	1558.46	1012	14	1	
3	2	1	1558.51	1558.51	1000	13	1	
3	3	1	1558.56	1558.56	1025	12	1	
3	5	1	1558.61	1558.61	1027	11	1	
2	2	1	1558.67	1558.67	1022	10	1	
3	9	1	1558.74	1558.74	1033	12	1	
3	6	1	1558.79	1558.79	1028	11	1	
3	7	1	1558.86	1558.86	1002	10	1	
2	4	1	1558.92	1558.92	1031	9	1	
3	10	1	1558.99	1558.99	1035	11	1	
3	9	1	1559.06	1559.06	1031	10	1	
1	0	1	1559.13	1559.13	934	9	1	
2	2	0	1559.2	1559.2	1024	9	1	
2	0	0	1559.27	1559.27	1003	9	1	
2	1	0	1559.33	1559.33	1019	9	1	
3	5	1	1559.39	1559.39	962	9	1	
3	1	1	1559.45	1559.45	998	8	1	
3	4	1	1559.51	1559.51	1030	7	1	
3	1	1	1559.58	1559.58	1023	6	1	
2	6	1	1559.65	1559.65	1036	5	1	
3	6	1	1559.73	1559.73	1040	7	1	
3	5	1	1559.8	1559.8	1036	6	1	
